{
    "info": "results are matrices of values, lines and columns correspond to Schmidt rank, i.e. [1,2,3,4]. Distances between same schmid ranks only take distances between different runs of same qubit count into account.",
    "metric": "bottleneck",
    "homology dimension": 1,
    "transformed": "transformed_50_100",
    "0": {
        "0": {
            "unitary": 0,
            "set": 0,
            "mean": [
                [
                    0.3667462711862754,
                    0.42848078859620725,
                    0.41043176198203585,
                    0.3481057955214055
                ],
                [
                    0.42848078859620725,
                    0.48200642059819077,
                    0.4432403510645963,
                    0.4278872787783621
                ],
                [
                    0.41043176198203585,
                    0.4432403510645963,
                    0.4652276877328404,
                    0.4286992661919794
                ],
                [
                    0.3481057955214055,
                    0.4278872787783621,
                    0.4286992661919794,
                    0.37647853840317114
                ]
            ],
            "median": [
                [
                    0.3810458718216978,
                    0.4149454521102598,
                    0.40963795816060156,
                    0.3378048314480111
                ],
                [
                    0.4149454521102598,
                    0.42792864848161116,
                    0.44900506040721666,
                    0.3858701310964534
                ],
                [
                    0.40963795816060156,
                    0.44900506040721666,
                    0.44921765409526415,
                    0.41705741424812004
                ],
                [
                    0.3378048314480111,
                    0.3858701310964534,
                    0.41705741424812004,
                    0.3727616291726008
                ]
            ],
            "std": [
                [
                    0.3810458718216978,
                    0.10654021962933102,
                    0.08825978864058584,
                    0.06400647862901723
                ],
                [
                    0.4149454521102598,
                    0.42792864848161116,
                    0.07630591459364985,
                    0.10969757560076937
                ],
                [
                    0.40963795816060156,
                    0.44900506040721666,
                    0.44921765409526415,
                    0.08102286253727928
                ],
                [
                    0.3378048314480111,
                    0.3858701310964534,
                    0.41705741424812004,
                    0.3727616291726008
                ]
            ]
        },
        "1": {
            "unitary": 0,
            "set": 1,
            "mean": [
                [
                    0.3219222525221994,
                    0.4268904453347204,
                    0.4274392642360181,
                    0.4573203813872533
                ],
                [
                    0.4268904453347204,
                    0.5148869247466792,
                    0.4705996118206531,
                    0.4831973882624879
                ],
                [
                    0.4274392642360181,
                    0.4705996118206531,
                    0.47907520746521187,
                    0.49295527030568337
                ],
                [
                    0.4573203813872533,
                    0.4831973882624879,
                    0.49295527030568337,
                    0.5178083760285517
                ]
            ],
            "median": [
                [
                    0.33002607396338135,
                    0.44492661734693684,
                    0.41904930025339127,
                    0.47741809699800797
                ],
                [
                    0.44492661734693684,
                    0.5064258907077601,
                    0.4755380051792599,
                    0.4912829049717402
                ],
                [
                    0.41904930025339127,
                    0.4755380051792599,
                    0.44630073668668047,
                    0.47108761250274256
                ],
                [
                    0.47741809699800797,
                    0.4912829049717402,
                    0.47108761250274256,
                    0.5325640358205419
                ]
            ],
            "std": [
                [
                    0.33002607396338135,
                    0.09381257238595644,
                    0.08604946944748035,
                    0.11571640959252304
                ],
                [
                    0.44492661734693684,
                    0.5064258907077601,
                    0.09140091797729938,
                    0.10163144739536027
                ],
                [
                    0.41904930025339127,
                    0.4755380051792599,
                    0.44630073668668047,
                    0.10662495353680647
                ],
                [
                    0.47741809699800797,
                    0.4912829049717402,
                    0.47108761250274256,
                    0.5325640358205419
                ]
            ]
        },
        "2": {
            "unitary": 0,
            "set": 2,
            "mean": [
                [
                    0.3572149348372477,
                    0.3865789951663464,
                    0.39418181993998586,
                    0.37183448243595196
                ],
                [
                    0.3865789951663464,
                    0.41904487958381653,
                    0.41626174647011793,
                    0.44177359187888215
                ],
                [
                    0.39418181993998586,
                    0.41626174647011793,
                    0.443747780060221,
                    0.4008410632808227
                ],
                [
                    0.37183448243595196,
                    0.44177359187888215,
                    0.4008410632808227,
                    0.34361614138106233
                ]
            ],
            "median": [
                [
                    0.36395164231362287,
                    0.37263204547343776,
                    0.3723508635594044,
                    0.3693559138919227
                ],
                [
                    0.37263204547343776,
                    0.422863216343103,
                    0.40618748584529385,
                    0.40489995953976177
                ],
                [
                    0.3723508635594044,
                    0.40618748584529385,
                    0.4698715850463486,
                    0.39736958988942206
                ],
                [
                    0.3693559138919227,
                    0.40489995953976177,
                    0.39736958988942206,
                    0.3475986558260047
                ]
            ],
            "std": [
                [
                    0.36395164231362287,
                    0.09385840514896814,
                    0.0929797609932584,
                    0.06209876150325751
                ],
                [
                    0.37263204547343776,
                    0.422863216343103,
                    0.09039766435378027,
                    0.10246107586914514
                ],
                [
                    0.3723508635594044,
                    0.40618748584529385,
                    0.4698715850463486,
                    0.0804058971755121
                ],
                [
                    0.3693559138919227,
                    0.40489995953976177,
                    0.39736958988942206,
                    0.3475986558260047
                ]
            ]
        },
        "3": {
            "unitary": 0,
            "set": 3,
            "mean": [
                [
                    0.34088759121805196,
                    0.4743176823249087,
                    0.40023984805564394,
                    0.42048111808428074
                ],
                [
                    0.4743176823249087,
                    0.553618410199124,
                    0.5064087680939702,
                    0.47534073561997503
                ],
                [
                    0.40023984805564394,
                    0.5064087680939702,
                    0.4814743111215648,
                    0.4606334951429744
                ],
                [
                    0.42048111808428074,
                    0.47534073561997503,
                    0.4606334951429744,
                    0.39514002111536684
                ]
            ],
            "median": [
                [
                    0.3271146615152247,
                    0.452414615516318,
                    0.34994191344594583,
                    0.4408272900036536
                ],
                [
                    0.452414615516318,
                    0.5759188437805278,
                    0.5233930143585894,
                    0.4605991319695022
                ],
                [
                    0.34994191344594583,
                    0.5233930143585894,
                    0.5256760689662769,
                    0.4317213444519439
                ],
                [
                    0.4408272900036536,
                    0.4605991319695022,
                    0.4317213444519439,
                    0.42400364339118823
                ]
            ],
            "std": [
                [
                    0.3271146615152247,
                    0.15946248602481472,
                    0.13198431291930032,
                    0.04508784490334422
                ],
                [
                    0.452414615516318,
                    0.5759188437805278,
                    0.1455344171452275,
                    0.12383669810675739
                ],
                [
                    0.34994191344594583,
                    0.5233930143585894,
                    0.5256760689662769,
                    0.1453051128669458
                ],
                [
                    0.4408272900036536,
                    0.4605991319695022,
                    0.4317213444519439,
                    0.42400364339118823
                ]
            ]
        },
        "4": {
            "unitary": 0,
            "set": 4,
            "mean": [
                [
                    0.4230001101313974,
                    0.423667874855455,
                    0.436897352465021,
                    0.38637586511234984
                ],
                [
                    0.423667874855455,
                    0.39168317595758706,
                    0.4268759050470544,
                    0.3636499758876744
                ],
                [
                    0.436897352465021,
                    0.4268759050470544,
                    0.4880126065807417,
                    0.4246117671081447
                ],
                [
                    0.38637586511234984,
                    0.3636499758876744,
                    0.4246117671081447,
                    0.35951830347257785
                ]
            ],
            "median": [
                [
                    0.4224345285037998,
                    0.43330065652844496,
                    0.48264911537989974,
                    0.3693729496153537
                ],
                [
                    0.43330065652844496,
                    0.396336318081012,
                    0.4412293847708497,
                    0.35079003230202943
                ],
                [
                    0.48264911537989974,
                    0.4412293847708497,
                    0.5213705087080598,
                    0.43107534351293
                ],
                [
                    0.3693729496153537,
                    0.35079003230202943,
                    0.43107534351293,
                    0.3660580829018727
                ]
            ],
            "std": [
                [
                    0.4224345285037998,
                    0.07929058621122714,
                    0.0941305736496894,
                    0.07305091308797984
                ],
                [
                    0.43330065652844496,
                    0.396336318081012,
                    0.0894004640518357,
                    0.07014422431716873
                ],
                [
                    0.48264911537989974,
                    0.4412293847708497,
                    0.5213705087080598,
                    0.08186340178140525
                ],
                [
                    0.3693729496153537,
                    0.35079003230202943,
                    0.43107534351293,
                    0.3660580829018727
                ]
            ]
        },
        "all": {
            "mean": [
                [
                    0.36195423197903437,
                    0.42798715725552755,
                    0.41383800933574094,
                    0.39682352850824826
                ],
                [
                    0.42798715725552755,
                    0.4722479622170795,
                    0.45267727649927836,
                    0.4383697940854763
                ],
                [
                    0.41383800933574094,
                    0.45267727649927836,
                    0.471507518592116,
                    0.4415481724059209
                ],
                [
                    0.39682352850824826,
                    0.4383697940854763,
                    0.4415481724059209,
                    0.39851227608014594
                ]
            ],
            "median": [
                [
                    0.36004914846853353,
                    0.4149454521102598,
                    0.40940451133064926,
                    0.3923411264840979
                ],
                [
                    0.4149454521102598,
                    0.44400093573494814,
                    0.44921765409526415,
                    0.4183413986611413
                ],
                [
                    0.40940451133064926,
                    0.44921765409526415,
                    0.4701871227007359,
                    0.43073891775566153
                ],
                [
                    0.3923411264840979,
                    0.4183413986611413,
                    0.43073891775566153,
                    0.376966426090803
                ]
            ],
            "std": [
                [
                    0.066377495643902,
                    0.11362882992847924,
                    0.10140963161657646,
                    0.08489911301180018
                ],
                [
                    0.11362882992847924,
                    0.11988551416827958,
                    0.10659297174421217,
                    0.11153242145619147
                ],
                [
                    0.10140963161657646,
                    0.10659297174421217,
                    0.09034197865092769,
                    0.10707925088890076
                ],
                [
                    0.08489911301180018,
                    0.11153242145619147,
                    0.10707925088890076,
                    0.09413356529688788
                ]
            ]
        }
    },
    "1": {
        "0": {
            "unitary": 1,
            "set": 0,
            "mean": [
                [
                    0.45140663855709134,
                    0.41637054961640385,
                    0.4061982255609473,
                    0.4255491044896189
                ],
                [
                    0.41637054961640385,
                    0.4162077316919749,
                    0.3649604225112125,
                    0.40852814976882657
                ],
                [
                    0.4061982255609473,
                    0.3649604225112125,
                    0.37267004923487546,
                    0.37571766058390493
                ],
                [
                    0.4255491044896189,
                    0.40852814976882657,
                    0.37571766058390493,
                    0.392364284634823
                ]
            ],
            "median": [
                [
                    0.4264703866210766,
                    0.3996879744663602,
                    0.38685066273319535,
                    0.4174304841653793
                ],
                [
                    0.3996879744663602,
                    0.39428078159107827,
                    0.35128402546979487,
                    0.39987359663064126
                ],
                [
                    0.38685066273319535,
                    0.35128402546979487,
                    0.37041039270116016,
                    0.36506724965875037
                ],
                [
                    0.4174304841653793,
                    0.39987359663064126,
                    0.36506724965875037,
                    0.38369424347183667
                ]
            ],
            "std": [
                [
                    0.4264703866210766,
                    0.10712002059785086,
                    0.0905208234976631,
                    0.08210473393772696
                ],
                [
                    0.3996879744663602,
                    0.39428078159107827,
                    0.06284525496896164,
                    0.07645521210112385
                ],
                [
                    0.38685066273319535,
                    0.35128402546979487,
                    0.37041039270116016,
                    0.07940650285787043
                ],
                [
                    0.4174304841653793,
                    0.39987359663064126,
                    0.36506724965875037,
                    0.38369424347183667
                ]
            ]
        },
        "1": {
            "unitary": 1,
            "set": 1,
            "mean": [
                [
                    0.3620196472125826,
                    0.3709671983664157,
                    0.3513229829305783,
                    0.43735259551991473
                ],
                [
                    0.3709671983664157,
                    0.4020948101460817,
                    0.36315898949629627,
                    0.4516431891795946
                ],
                [
                    0.3513229829305783,
                    0.36315898949629627,
                    0.3702959486501641,
                    0.43510657436738254
                ],
                [
                    0.43735259551991473,
                    0.4516431891795946,
                    0.43510657436738254,
                    0.5217138316911587
                ]
            ],
            "median": [
                [
                    0.36332093353848904,
                    0.3298933308396954,
                    0.35872765362728387,
                    0.41434037423459813
                ],
                [
                    0.3298933308396954,
                    0.4049216889543459,
                    0.33948077469540294,
                    0.4218264911323786
                ],
                [
                    0.35872765362728387,
                    0.33948077469540294,
                    0.377567108895164,
                    0.37312343550729565
                ],
                [
                    0.41434037423459813,
                    0.4218264911323786,
                    0.37312343550729565,
                    0.4953783764212858
                ]
            ],
            "std": [
                [
                    0.36332093353848904,
                    0.0944036870533109,
                    0.05383045956918,
                    0.14973924241591854
                ],
                [
                    0.3298933308396954,
                    0.4049216889543459,
                    0.1022110838833917,
                    0.1582799618968301
                ],
                [
                    0.35872765362728387,
                    0.33948077469540294,
                    0.377567108895164,
                    0.14709779098941778
                ],
                [
                    0.41434037423459813,
                    0.4218264911323786,
                    0.37312343550729565,
                    0.4953783764212858
                ]
            ]
        },
        "2": {
            "unitary": 1,
            "set": 2,
            "mean": [
                [
                    0.33815656381921144,
                    0.4082659623090876,
                    0.39250176250818186,
                    0.45908234449161683
                ],
                [
                    0.4082659623090876,
                    0.47188325243769214,
                    0.41549563464534,
                    0.5026387121452717
                ],
                [
                    0.39250176250818186,
                    0.41549563464534,
                    0.3949209835496731,
                    0.45493083229928744
                ],
                [
                    0.45908234449161683,
                    0.5026387121452717,
                    0.45493083229928744,
                    0.5703376454468525
                ]
            ],
            "median": [
                [
                    0.32666994851024356,
                    0.4367665883473819,
                    0.3568151566578308,
                    0.38349349348573014
                ],
                [
                    0.4367665883473819,
                    0.4381943381158635,
                    0.4213468440575525,
                    0.43733247970521916
                ],
                [
                    0.3568151566578308,
                    0.4213468440575525,
                    0.4011656682996545,
                    0.382318256815779
                ],
                [
                    0.38349349348573014,
                    0.43733247970521916,
                    0.382318256815779,
                    0.5979215810075402
                ]
            ],
            "std": [
                [
                    0.32666994851024356,
                    0.09964926510849714,
                    0.08593334758662423,
                    0.2045912177520713
                ],
                [
                    0.4367665883473819,
                    0.4381943381158635,
                    0.08404200356730969,
                    0.1906676298719311
                ],
                [
                    0.3568151566578308,
                    0.4213468440575525,
                    0.4011656682996545,
                    0.17568576187524249
                ],
                [
                    0.38349349348573014,
                    0.43733247970521916,
                    0.382318256815779,
                    0.5979215810075402
                ]
            ]
        },
        "3": {
            "unitary": 1,
            "set": 3,
            "mean": [
                [
                    0.3426647089472681,
                    0.3820330356535851,
                    0.4204969251411967,
                    0.5138090060575632
                ],
                [
                    0.3820330356535851,
                    0.37474650389267483,
                    0.3807415388870868,
                    0.46099968945607545
                ],
                [
                    0.4204969251411967,
                    0.3807415388870868,
                    0.3985951381502673,
                    0.44661997999821323
                ],
                [
                    0.5138090060575632,
                    0.46099968945607545,
                    0.44661997999821323,
                    0.5210923890088452
                ]
            ],
            "median": [
                [
                    0.32643969550554175,
                    0.4039900607895106,
                    0.42146452158340253,
                    0.4648359925195109
                ],
                [
                    0.4039900607895106,
                    0.3999086642288603,
                    0.38114335024147294,
                    0.4004829168552533
                ],
                [
                    0.42146452158340253,
                    0.38114335024147294,
                    0.39266329965903424,
                    0.41029812721535563
                ],
                [
                    0.4648359925195109,
                    0.4004829168552533,
                    0.41029812721535563,
                    0.4163813008344732
                ]
            ],
            "std": [
                [
                    0.32643969550554175,
                    0.06202946036280273,
                    0.05672828152305282,
                    0.17324580780986162
                ],
                [
                    0.4039900607895106,
                    0.3999086642288603,
                    0.08333896012075624,
                    0.18097170713891098
                ],
                [
                    0.42146452158340253,
                    0.38114335024147294,
                    0.39266329965903424,
                    0.18140758785839453
                ],
                [
                    0.4648359925195109,
                    0.4004829168552533,
                    0.41029812721535563,
                    0.4163813008344732
                ]
            ]
        },
        "4": {
            "unitary": 1,
            "set": 4,
            "mean": [
                [
                    0.43441328847547994,
                    0.42648754057707267,
                    0.5378318907867652,
                    0.495836710005533
                ],
                [
                    0.42648754057707267,
                    0.3690407582384069,
                    0.5340585614030715,
                    0.4478367303419509
                ],
                [
                    0.5378318907867652,
                    0.5340585614030715,
                    0.6465572136512492,
                    0.6015018591374974
                ],
                [
                    0.495836710005533,
                    0.4478367303419509,
                    0.6015018591374974,
                    0.544964072129369
                ]
            ],
            "median": [
                [
                    0.3843490507279057,
                    0.3998806660529226,
                    0.4958303025341593,
                    0.4577845908352174
                ],
                [
                    0.3998806660529226,
                    0.3977112773573026,
                    0.47728441207436845,
                    0.35048878051748034
                ],
                [
                    0.4958303025341593,
                    0.47728441207436845,
                    0.6476986408815719,
                    0.5225844496089849
                ],
                [
                    0.4577845908352174,
                    0.35048878051748034,
                    0.5225844496089849,
                    0.41125302608998027
                ]
            ],
            "std": [
                [
                    0.3843490507279057,
                    0.08895785826535854,
                    0.189253893939017,
                    0.1689595531428915
                ],
                [
                    0.3998806660529226,
                    0.3977112773573026,
                    0.2039127259711678,
                    0.20687812289164229
                ],
                [
                    0.4958303025341593,
                    0.47728441207436845,
                    0.6476986408815719,
                    0.20794474450470637
                ],
                [
                    0.4577845908352174,
                    0.35048878051748034,
                    0.5225844496089849,
                    0.41125302608998027
                ]
            ]
        },
        "all": {
            "mean": [
                [
                    0.3857321694023267,
                    0.400824857304513,
                    0.4216703573855339,
                    0.46632595211284933
                ],
                [
                    0.400824857304513,
                    0.40679461128136607,
                    0.4116830293886014,
                    0.45432929417834383
                ],
                [
                    0.4216703573855339,
                    0.4116830293886014,
                    0.4366078666472458,
                    0.4627753812772571
                ],
                [
                    0.46632595211284933,
                    0.45432929417834383,
                    0.4627753812772571,
                    0.5100944445822096
                ]
            ],
            "median": [
                [
                    0.36408950720215216,
                    0.4000470688333735,
                    0.3919054635625798,
                    0.43076967730303295
                ],
                [
                    0.4000470688333735,
                    0.41191845727007603,
                    0.3790430166700389,
                    0.40070278639905155
                ],
                [
                    0.3919054635625798,
                    0.3790430166700389,
                    0.40072705497732386,
                    0.4083847783622332
                ],
                [
                    0.43076967730303295,
                    0.40070278639905155,
                    0.4083847783622332,
                    0.43095303035806865
                ]
            ],
            "std": [
                [
                    0.09223620585485559,
                    0.09410431418695314,
                    0.1241331849712935,
                    0.16447628202663617
                ],
                [
                    0.09410431418695314,
                    0.0900155072158207,
                    0.13451448937668645,
                    0.1716547784387785
                ],
                [
                    0.1241331849712935,
                    0.13451448937668645,
                    0.14560037228063624,
                    0.1804829901360772
                ],
                [
                    0.16447628202663617,
                    0.1716547784387785,
                    0.1804829901360772,
                    0.2070101628236578
                ]
            ]
        }
    },
    "2": {
        "0": {
            "unitary": 2,
            "set": 0,
            "mean": [
                [
                    0.5322592117838212,
                    0.4209450387652032,
                    0.5465551972278626,
                    0.5376079065492376
                ],
                [
                    0.4209450387652032,
                    0.3839846999704605,
                    0.5068532304727705,
                    0.489690011915518
                ],
                [
                    0.5465551972278626,
                    0.5068532304727705,
                    0.49855532406509157,
                    0.48446619080496023
                ],
                [
                    0.5376079065492376,
                    0.489690011915518,
                    0.48446619080496023,
                    0.5069395580765559
                ]
            ],
            "median": [
                [
                    0.49644171295221895,
                    0.4208219986176118,
                    0.569053660845384,
                    0.5585655926843174
                ],
                [
                    0.4208219986176118,
                    0.3790575924067525,
                    0.46597213836503215,
                    0.4653035705559887
                ],
                [
                    0.569053660845384,
                    0.46597213836503215,
                    0.4889350826415466,
                    0.48755971281207167
                ],
                [
                    0.5585655926843174,
                    0.4653035705559887,
                    0.48755971281207167,
                    0.5119665221282048
                ]
            ],
            "std": [
                [
                    0.49644171295221895,
                    0.09747270935662011,
                    0.13036474371264398,
                    0.10767379964489544
                ],
                [
                    0.4208219986176118,
                    0.3790575924067525,
                    0.1451746706141894,
                    0.1135352676836988
                ],
                [
                    0.569053660845384,
                    0.46597213836503215,
                    0.4889350826415466,
                    0.09213453871934996
                ],
                [
                    0.5585655926843174,
                    0.4653035705559887,
                    0.48755971281207167,
                    0.5119665221282048
                ]
            ]
        },
        "1": {
            "unitary": 2,
            "set": 1,
            "mean": [
                [
                    0.4596188659401378,
                    0.466836165888526,
                    0.48117773588513957,
                    0.51498664556304
                ],
                [
                    0.466836165888526,
                    0.4297839147817285,
                    0.5157031368289609,
                    0.47469437897467287
                ],
                [
                    0.48117773588513957,
                    0.5157031368289609,
                    0.5420157450949773,
                    0.49652490717038744
                ],
                [
                    0.51498664556304,
                    0.47469437897467287,
                    0.49652490717038744,
                    0.5029382609267486
                ]
            ],
            "median": [
                [
                    0.42346833663759753,
                    0.45597964618355036,
                    0.4578951125149615,
                    0.46324733131041285
                ],
                [
                    0.45597964618355036,
                    0.407522214227356,
                    0.5025989375426434,
                    0.458894606330432
                ],
                [
                    0.4578951125149615,
                    0.5025989375426434,
                    0.5545495916157961,
                    0.4826553897582926
                ],
                [
                    0.46324733131041285,
                    0.458894606330432,
                    0.4826553897582926,
                    0.4575768183567561
                ]
            ],
            "std": [
                [
                    0.42346833663759753,
                    0.08148739651365848,
                    0.11297934456154998,
                    0.17596365864632257
                ],
                [
                    0.45597964618355036,
                    0.407522214227356,
                    0.10390458743607496,
                    0.10681680479375678
                ],
                [
                    0.4578951125149615,
                    0.5025989375426434,
                    0.5545495916157961,
                    0.15040472583649975
                ],
                [
                    0.46324733131041285,
                    0.458894606330432,
                    0.4826553897582926,
                    0.4575768183567561
                ]
            ]
        },
        "2": {
            "unitary": 2,
            "set": 2,
            "mean": [
                [
                    0.3689241465224768,
                    0.39006159103068055,
                    0.5612876085494645,
                    0.584943504378316
                ],
                [
                    0.39006159103068055,
                    0.35848997656285064,
                    0.5078014671767597,
                    0.5595195005013375
                ],
                [
                    0.5612876085494645,
                    0.5078014671767597,
                    0.6228849428021931,
                    0.5816539350926178
                ],
                [
                    0.584943504378316,
                    0.5595195005013375,
                    0.5816539350926178,
                    0.6117892154172295
                ]
            ],
            "median": [
                [
                    0.36450592982873786,
                    0.36273732656263746,
                    0.5578534978558309,
                    0.5502295200712979
                ],
                [
                    0.36273732656263746,
                    0.32606321858474985,
                    0.44609256865805946,
                    0.5257232526637381
                ],
                [
                    0.5578534978558309,
                    0.44609256865805946,
                    0.5882545007916633,
                    0.6321171928429976
                ],
                [
                    0.5502295200712979,
                    0.5257232526637381,
                    0.6321171928429976,
                    0.7082171129586641
                ]
            ],
            "std": [
                [
                    0.36450592982873786,
                    0.07515548783403256,
                    0.1785522748602028,
                    0.12861762804657578
                ],
                [
                    0.36273732656263746,
                    0.32606321858474985,
                    0.18383091658486914,
                    0.15349592138926638
                ],
                [
                    0.5578534978558309,
                    0.44609256865805946,
                    0.5882545007916633,
                    0.15775095875838654
                ],
                [
                    0.5502295200712979,
                    0.5257232526637381,
                    0.6321171928429976,
                    0.7082171129586641
                ]
            ]
        },
        "3": {
            "unitary": 2,
            "set": 3,
            "mean": [
                [
                    0.4952519882237539,
                    0.48214388929714913,
                    0.5332792030562996,
                    0.5001945395144867
                ],
                [
                    0.48214388929714913,
                    0.5009451181031181,
                    0.5109979754779488,
                    0.48096201399341226
                ],
                [
                    0.5332792030562996,
                    0.5109979754779488,
                    0.5732609948434402,
                    0.48382869968103476
                ],
                [
                    0.5001945395144867,
                    0.48096201399341226,
                    0.48382869968103476,
                    0.4636139076348627
                ]
            ],
            "median": [
                [
                    0.5000160878989846,
                    0.4731326079345308,
                    0.48196501375059597,
                    0.49134447157848626
                ],
                [
                    0.4731326079345308,
                    0.4946763486950658,
                    0.506925613648491,
                    0.4841097462340258
                ],
                [
                    0.48196501375059597,
                    0.506925613648491,
