{
    "info": "results are matrices of values, lines and columns correspond to Schmidt rank, i.e. [1,2,3,4]. Distances between same schmid ranks only take distances between different runs of same qubit count into account.",
    "metric": "bottleneck",
    "homology dimension": 0,
    "transformed": "transformed_50_100",
    "0": {
        "0": {
            "unitary": 0,
            "set": 0,
            "mean": [
                [
                    0.9457297094551904,
                    0.8128209986555884,
                    0.8088841545350443,
                    0.8453360684933432
                ],
                [
                    0.8128209986555884,
                    0.8029113578377292,
                    0.8471722301525005,
                    0.7512450978939887
                ],
                [
                    0.8088841545350443,
                    0.8471722301525005,
                    0.8765277251557564,
                    0.8076348684409459
                ],
                [
                    0.8453360684933432,
                    0.7512450978939887,
                    0.8076348684409459,
                    0.6971915298236127
                ]
            ],
            "median": [
                [
                    0.8913675310905091,
                    0.776730888086604,
                    0.8843786142388126,
                    0.7754378621757496
                ],
                [
                    0.776730888086604,
                    0.7207533422042616,
                    0.9189377222719486,
                    0.683130519464612
                ],
                [
                    0.8843786142388126,
                    0.9189377222719486,
                    0.9867890499153873,
                    0.7089635071606608
                ],
                [
                    0.7754378621757496,
                    0.683130519464612,
                    0.7089635071606608,
                    0.7000837860832689
                ]
            ],
            "std": [
                [
                    0.8913675310905091,
                    0.3624190684709598,
                    0.35890229738125584,
                    0.3857704095804455
                ],
                [
                    0.776730888086604,
                    0.7207533422042616,
                    0.3811232957249694,
                    0.4036943694166618
                ],
                [
                    0.8843786142388126,
                    0.9189377222719486,
                    0.9867890499153873,
                    0.4316677238309256
                ],
                [
                    0.7754378621757496,
                    0.683130519464612,
                    0.7089635071606608,
                    0.7000837860832689
                ]
            ]
        },
        "1": {
            "unitary": 0,
            "set": 1,
            "mean": [
                [
                    0.9181478442667868,
                    0.8652285117978318,
                    0.8424566685473838,
                    1.1440952225654473
                ],
                [
                    0.8652285117978318,
                    0.8881735611128534,
                    0.8292436954397999,
                    1.0991799705874292
                ],
                [
                    0.8424566685473838,
                    0.8292436954397999,
                    0.937791675506378,
                    1.06971545896522
                ],
                [
                    1.1440952225654473,
                    1.0991799705874292,
                    1.06971545896522,
                    1.2043870108980628
                ]
            ],
            "median": [
                [
                    0.9033941107190913,
                    0.8394386825966649,
                    0.8458554853496025,
                    0.8814942899625748
                ],
                [
                    0.8394386825966649,
                    0.8393873197346693,
                    0.7636234812889597,
                    1.0813069178693695
                ],
                [
                    0.8458554853496025,
                    0.7636234812889597,
                    0.878583459299989,
                    0.9138105075398926
                ],
                [
                    0.8814942899625748,
                    1.0813069178693695,
                    0.9138105075398926,
                    1.219956103581353
                ]
            ],
            "std": [
                [
                    0.9033941107190913,
                    0.3396267596448968,
                    0.36091660178879825,
                    0.5487227365990234
                ],
                [
                    0.8394386825966649,
                    0.8393873197346693,
                    0.29491271664868807,
                    0.4185176241773412
                ],
                [
                    0.8458554853496025,
                    0.7636234812889597,
                    0.878583459299989,
                    0.48636800485369114
                ],
                [
                    0.8814942899625748,
                    1.0813069178693695,
                    0.9138105075398926,
                    1.219956103581353
                ]
            ]
        },
        "2": {
            "unitary": 0,
            "set": 2,
            "mean": [
                [
                    0.42592129159565956,
                    0.4723576441999103,
                    0.6470128768394352,
                    0.5162184573162085
                ],
                [
                    0.4723576441999103,
                    0.43295112212899767,
                    0.5510677741594554,
                    0.5963415340700158
                ],
                [
                    0.6470128768394352,
                    0.5510677741594554,
                    0.732951748171763,
                    0.6772248104041501
                ],
                [
                    0.5162184573162085,
                    0.5963415340700158,
                    0.6772248104041501,
                    0.6270891833861242
                ]
            ],
            "median": [
                [
                    0.4179994720761897,
                    0.4488950503364322,
                    0.680790805068682,
                    0.5333740739661152
                ],
                [
                    0.4488950503364322,
                    0.45999647763892426,
                    0.5215389621080249,
                    0.5519251706755313
                ],
                [
                    0.680790805068682,
                    0.5215389621080249,
                    0.8058486892114161,
                    0.6971643524302635
                ],
                [
                    0.5333740739661152,
                    0.5519251706755313,
                    0.6971643524302635,
                    0.6631215363449883
                ]
            ],
            "std": [
                [
                    0.4179994720761897,
                    0.16228845453563248,
                    0.24768895735170232,
                    0.1794371806596373
                ],
                [
                    0.4488950503364322,
                    0.45999647763892426,
                    0.14130391458964112,
                    0.18095945874147715
                ],
                [
                    0.680790805068682,
                    0.5215389621080249,
                    0.8058486892114161,
                    0.3026586464663813
                ],
                [
                    0.5333740739661152,
                    0.5519251706755313,
                    0.6971643524302635,
                    0.6631215363449883
                ]
            ]
        },
        "3": {
            "unitary": 0,
            "set": 3,
            "mean": [
                [
                    0.7749625272896082,
                    0.6758023546314508,
                    0.7969295197532483,
                    0.7336194720324783
                ],
                [
                    0.6758023546314508,
                    0.7204425289877691,
                    0.7423057470232743,
                    0.7979580902269663
                ],
                [
                    0.7969295197532483,
                    0.7423057470232743,
                    0.8528556661660331,
                    0.8599921667166199
                ],
                [
                    0.7336194720324783,
                    0.7979580902269663,
                    0.8599921667166199,
                    0.800850589446054
                ]
            ],
            "median": [
                [
                    0.6931212596973637,
                    0.6031979194813175,
                    0.6900780701980693,
                    0.7623754272935912
                ],
                [
                    0.6031979194813175,
                    0.6492601982827182,
                    0.6253246809610573,
                    0.7230820691911504
                ],
                [
                    0.6900780701980693,
                    0.6253246809610573,
                    0.6884995426153182,
                    0.799270271032583
                ],
                [
                    0.7623754272935912,
                    0.7230820691911504,
                    0.799270271032583,
                    0.7564322711259592
                ]
            ],
            "std": [
                [
                    0.6931212596973637,
                    0.3382301022124626,
                    0.40518436460785806,
                    0.3353124491625522
                ],
                [
                    0.6031979194813175,
                    0.6492601982827182,
                    0.43762340545506784,
                    0.4201516817510693
                ],
                [
                    0.6900780701980693,
                    0.6253246809610573,
                    0.6884995426153182,
                    0.3937199545031406
                ],
                [
                    0.7623754272935912,
                    0.7230820691911504,
                    0.799270271032583,
                    0.7564322711259592
                ]
            ]
        },
        "4": {
            "unitary": 0,
            "set": 4,
            "mean": [
                [
                    1.1505616093789286,
                    0.8487455540944938,
                    1.121404746684275,
                    1.3752856793711543
                ],
                [
                    0.8487455540944938,
                    0.6341598654227709,
                    0.9729048953601159,
                    1.311152567541285
                ],
                [
                    1.121404746684275,
                    0.9729048953601159,
                    1.4304497969005752,
                    1.4568536889333337
                ],
                [
                    1.3752856793711543,
                    1.311152567541285,
                    1.4568536889333337,
                    1.5898630979165318
                ]
            ],
            "median": [
                [
                    1.0306746883288724,
                    0.7808137372194324,
                    0.9808956096530892,
                    1.192556457586761
                ],
                [
                    0.7808137372194324,
                    0.6678799366636667,
                    0.69713272327499,
                    1.3371220095577883
                ],
                [
                    0.9808956096530892,
                    0.69713272327499,
                    1.4183810064423596,
                    1.249074366831337
                ],
                [
                    1.192556457586761,
                    1.3371220095577883,
                    1.249074366831337,
                    1.7070536569226533
                ]
            ],
            "std": [
                [
                    1.0306746883288724,
                    0.35703465976131277,
                    0.7056975441153738,
                    0.752820899738284
                ],
                [
                    0.7808137372194324,
                    0.6678799366636667,
                    0.5826343473219869,
                    0.6516945414115876
                ],
                [
                    0.9808956096530892,
                    0.69713272327499,
                    1.4183810064423596,
                    0.8998159906199148
                ],
                [
                    1.192556457586761,
                    1.3371220095577883,
                    1.249074366831337,
                    1.7070536569226533
                ]
            ]
        },
        "all": {
            "mean": [
                [
                    0.8430645963972347,
                    0.734991012675855,
                    0.8433375932718773,
                    0.9229109799557264
                ],
                [
                    0.734991012675855,
                    0.695727687098024,
                    0.7885388684270292,
                    0.911175452063937
                ],
                [
                    0.8433375932718773,
                    0.7885388684270292,
                    0.9661153223801011,
                    0.974284198692054
                ],
                [
                    0.9229109799557264,
                    0.911175452063937,
                    0.974284198692054,
                    0.9838762822940771
                ]
            ],
            "median": [
                [
                    0.7186070897078025,
                    0.6839400258468231,
                    0.7678652868453355,
                    0.7754378621757496
                ],
                [
                    0.6839400258468231,
                    0.6485240395850269,
                    0.6796298418921651,
                    0.7865177366547869
                ],
                [
                    0.7678652868453355,
                    0.6796298418921651,
                    0.9100016563825193,
                    0.8468333155760774
                ],
                [
                    0.7754378621757496,
                    0.7865177366547869,
                    0.8468333155760774,
                    0.8023906150046969
                ]
            ],
            "std": [
                [
                    0.4559674489171072,
                    0.3530846362882361,
                    0.46942755054331026,
                    0.5695788243428643
                ],
                [
                    0.3530846362882361,
                    0.2964138250370281,
                    0.4197113076887425,
                    0.5108716784779057
                ],
                [
                    0.46942755054331026,
                    0.4197113076887425,
                    0.5633592086979055,
                    0.6083151686647476
                ],
                [
                    0.5695788243428643,
                    0.5108716784779057,
                    0.6083151686647476,
                    0.5904298827149917
                ]
            ]
        }
    },
    "1": {
        "0": {
            "unitary": 1,
            "set": 0,
            "mean": [
                [
                    0.6733252888108836,
                    0.8986703433519869,
                    0.8129648463676858,
                    0.7657107399226516
                ],
                [
                    0.8986703433519869,
                    1.172651193215279,
                    1.089395602051227,
                    1.0523979858153325
                ],
                [
                    0.8129648463676858,
                    1.089395602051227,
                    0.978037473992299,
                    0.8370777672078111
                ],
                [
                    0.7657107399226516,
                    1.0523979858153325,
                    0.8370777672078111,
                    0.9847767179227958
                ]
            ],
            "median": [
                [
                    0.6299285518907709,
                    0.8614271781698335,
                    0.806473603915947,
                    0.7611608711304143
                ],
                [
                    0.8614271781698335,
                    0.9985324243098148,
                    0.9794737696647644,
                    0.9631035302736564
                ],
                [
                    0.806473603915947,
                    0.9794737696647644,
                    0.9834045049210545,
                    0.795399358306895
                ],
                [
                    0.7611608711304143,
                    0.9631035302736564,
                    0.795399358306895,
                    0.9293723090377171
                ]
            ],
            "std": [
                [
                    0.6299285518907709,
                    0.2905170099055295,
                    0.38554468121024005,
                    0.38392765768177284
                ],
                [
                    0.8614271781698335,
                    0.9985324243098148,
                    0.4973812890966138,
                    0.49521857867020924
                ],
                [
                    0.806473603915947,
                    0.9794737696647644,
                    0.9834045049210545,
                    0.42471662294784035
                ],
                [
                    0.7611608711304143,
                    0.9631035302736564,
                    0.795399358306895,
                    0.9293723090377171
                ]
            ]
        },
        "1": {
            "unitary": 1,
            "set": 1,
            "mean": [
                [
                    0.6526598942175041,
                    0.7263982666156152,
                    0.6784261375280038,
                    0.6593432465974183
                ],
                [
                    0.7263982666156152,
                    0.9761102261689303,
                    0.7891847628967662,
                    0.7820436859792244
                ],
                [
                    0.6784261375280038,
                    0.7891847628967662,
                    0.6213585715058798,
                    0.6560750869496406
                ],
                [
                    0.6593432465974183,
                    0.7820436859792244,
                    0.6560750869496406,
                    0.8065244580750004
                ]
            ],
            "median": [
                [
                    0.4705696417877334,
                    0.5337638086348306,
                    0.5718199028342497,
                    0.5644923714280594
                ],
                [
                    0.5337638086348306,
                    0.7683322511729784,
                    0.7162219673009531,
                    0.6952317017130554
                ],
                [
                    0.5718199028342497,
                    0.7162219673009531,
                    0.6177661878755316,
                    0.6273489219747717
                ],
                [
                    0.5644923714280594,
                    0.6952317017130554,
                    0.6273489219747717,
                    0.6821844537844299
                ]
            ],
            "std": [
                [
                    0.4705696417877334,
                    0.5451322262683455,
                    0.3599357848739795,
                    0.38064432750163757
                ],
                [
                    0.5337638086348306,
                    0.7683322511729784,
                    0.3819769282043124,
                    0.48830809399472597
                ],
                [
                    0.5718199028342497,
                    0.7162219673009531,
                    0.6177661878755316,
                    0.3394791478742687
                ],
                [
                    0.5644923714280594,
                    0.6952317017130554,
                    0.6273489219747717,
                    0.6821844537844299
                ]
            ]
        },
        "2": {
            "unitary": 1,
            "set": 2,
            "mean": [
                [
                    0.3905879759178788,
                    0.6349248613648524,
                    0.6865569306242832,
                    0.902390062452323
                ],
                [
                    0.6349248613648524,
                    0.914090417407715,
                    0.8808345936684054,
                    1.025884732874256
                ],
                [
                    0.6865569306242832,
                    0.8808345936684054,
                    0.7250793574534328,
                    0.967269899096209
                ],
                [
                    0.902390062452323,
                    1.025884732874256,
                    0.967269899096209,
                    1.2905182532835169
                ]
            ],
            "median": [
                [
                    0.39289073801774066,
                    0.5653082414355595,
                    0.6522560070552572,
                    0.8957574495725567
                ],
                [
                    0.5653082414355595,
                    0.9158938698092243,
                    0.799893126488314,
                    0.7968430993023503
                ],
                [
                    0.6522560070552572,
                    0.799893126488314,
                    0.751588812971022,
                    0.9417341677035438
                ],
                [
                    0.8957574495725567,
                    0.7968430993023503,
                    0.9417341677035438,
                    1.1387493207585067
                ]
            ],
            "std": [
                [
                    0.39289073801774066,
                    0.2775762750510141,
                    0.313321653662604,
                    0.4668277550231783
                ],
                [
                    0.5653082414355595,
                    0.9158938698092243,
                    0.33642794104130475,
                    0.5185383635080576
                ],
                [
                    0.6522560070552572,
                    0.799893126488314,
                    0.751588812971022,
                    0.3712723288341098
                ],
                [
                    0.8957574495725567,
                    0.7968430993023503,
                    0.9417341677035438,
                    1.1387493207585067
                ]
            ]
        },
        "3": {
            "unitary": 1,
            "set": 3,
            "mean": [
                [
                    0.9981066167350946,
                    0.8358075198003644,
                    0.7072378733062215,
                    0.731532298113525
                ],
                [
                    0.8358075198003644,
                    0.7219277404983586,
                    0.601834406041744,
                    0.7469040358749044
                ],
                [
                    0.7072378733062215,
                    0.601834406041744,
                    0.4495282340554695,
                    0.4981291084081749
                ],
                [
                    0.731532298113525,
                    0.7469040358749044,
                    0.4981291084081749,
                    0.5606939806522859
                ]
            ],
            "median": [
                [
                    0.9296012410777621,
                    0.6957045345843653,
                    0.6956936993155978,
                    0.6398730456421617
                ],
                [
                    0.6957045345843653,
                    0.7872229542845162,
                    0.5428484801450395,
                    0.7878177160018822
                ],
                [
                    0.6956936993155978,
                    0.5428484801450395,
                    0.45511722386436304,
                    0.47536805109120905
                ],
                [
                    0.6398730456421617,
                    0.7878177160018822,
                    0.47536805109120905,
                    0.543357507638575
                ]
            ],
            "std": [
                [
                    0.9296012410777621,
                    0.34478166244556846,
                    0.2509317286768672,
                    0.3253588134602551
                ],
                [
                    0.6957045345843653,
                    0.7872229542845162,
                    0.1509920022038218,
                    0.22899081209536468
                ],
                [
                    0.6956936993155978,
                    0.5428484801450395,
                    0.45511722386436304,
                    0.16748368851526468
                ],
                [
                    0.6398730456421617,
                    0.7878177160018822,
                    0.47536805109120905,
                    0.543357507638575
                ]
            ]
        },
        "4": {
            "unitary": 1,
            "set": 4,
            "mean": [
                [
                    0.624703928631061,
                    0.6757150973777607,
                    0.8171404634378269,
                    0.5596807131175592
                ],
                [
                    0.6757150973777607,
                    0.4978119645034894,
                    0.9642246181894734,
                    0.6401164765198337
                ],
                [
                    0.8171404634378269,
                    0.9642246181894734,
                    1.0969643292897673,
                    0.8667211708115065
                ],
                [
                    0.5596807131175592,
                    0.6401164765198337,
                    0.8667211708115065,
                    0.5740761776858563
                ]
            ],
            "median": [
                [
                    0.5685928569218959,
                    0.5744500018772669,
                    0.6594691942009376,
                    0.5332635549857514
                ],
                [
                    0.5744500018772669,
                    0.5063239528244594,
                    0.9031562536110869,
                    0.6339959702308988
                ],
                [
                    0.6594691942009376,
                    0.9031562536110869,
                    1.0832749588153092,
                    0.7119581239385298
                ],
                [
                    0.5332635549857514,
                    0.6339959702308988,
                    0.7119581239385298,
                    0.5584157936173142
                ]
            ],
            "std": [
                [
                    0.5685928569218959,
                    0.3554579153150335,
                    0.4403672681962317,
                    0.23486783277559373
                ],
                [
                    0.5744500018772669,
                    0.5063239528244594,
                    0.5321893232707564,
                    0.28320576595159774
                ],
                [
                    0.6594691942009376,
                    0.9031562536110869,
                    1.0832749588153092,
                    0.47863780907940645
                ],
                [
                    0.5332635549857514,
                    0.6339959702308988,
                    0.7119581239385298,
                    0.5584157936173142
                ]
            ]
        },
        "all": {
            "mean": [
                [
                    0.6678767408624844,
                    0.754303217702116,
                    0.7404652502528043,
                    0.7237314120406955
                ],
                [
                    0.754303217702116,
                    0.8565183083587544,
                    0.8650947965695232,
                    0.8494693834127102
                ],
                [
                    0.7404652502528043,
                    0.8650947965695232,
                    0.7741935932593697,
                    0.7650546064946684
                ],
                [
                    0.7237314120406955,
                    0.8494693834127102,
                    0.7650546064946684,
                    0.8433179175238911
                ]
            ],
            "median": [
                [
                    0.5224476576622692,
                    0.6800741488295898,
                    0.6576434541930212,
                    0.6353711798146833
                ],
                [
                    0.6800741488295898,
                    0.7846510774252238,
                    0.7352419376838952,
                    0.7805082138293074
                ],
                [
                    0.6576434541930212,
                    0.7352419376838952,
                    0.6812208790288423,
                    0.6470474758170894
                ],
                [
                    0.6353711798146833,
                    0.7805082138293074,
                    0.6470474758170894,
                    0.7334592611077824
                ]
            ],
            "std": [
                [
                    0.35838729352402976,
                    0.38795189884642606,
                    0.3611795368558374,
                    0.38367706693189335
                ],
                [
                    0.38795189884642606,
                    0.4848857361248711,
                    0.4354207209102259,
                    0.45086749176581936
                ],
                [
                    0.3611795368558374,
                    0.4354207209102259,
                    0.37994080571984307,
                    0.4074698982149697
                ],
                [
                    0.38367706693189335,
                    0.45086749176581936,
                    0.4074698982149697,
                    0.45159478263636044
                ]
            ]
        }
    },
    "2": {
        "0": {
            "unitary": 2,
            "set": 0,
            "mean": [
                [
                    0.9551625881365908,
                    1.1680886891885165,
                    1.3574183252894727,
                    1.3385402409450036
                ],
                [
                    1.1680886891885165,
                    1.0202028668383718,
                    0.9303130644121848,
                    0.8716202177345985
                ],
                [
                    1.3574183252894727,
                    0.9303130644121848,
                    0.8072252479534654,
                    0.6423754338082653
                ],
                [
                    1.3385402409450036,
                    0.8716202177345985,
                    0.6423754338082653,
                    0.5522921523963304
                ]
            ],
            "median": [
                [
                    0.8476873242616421,
                    0.8388149144084309,
                    1.4717713633726817,
                    1.304563063196838
                ],
                [
                    0.8388149144084309,
                    0.8260205346159637,
                    0.8847416009302833,
                    0.835743984891451
                ],
                [
                    1.4717713633726817,
                    0.8847416009302833,
                    0.7750873657350894,
                    0.6052752364194021
                ],
                [
                    1.304563063196838,
                    0.835743984891451,
                    0.6052752364194021,
                    0.5421816808593576
                ]
            ],
            "std": [
                [
                    0.8476873242616421,
                    0.6354896417822768,
                    0.5480731799765692,
                    0.47111671434347674
                ],
                [
                    0.8388149144084309,
                    0.8260205346159637,
                    0.3085544426788301,
                    0.2562914158280894
                ],
                [
                    1.4717713633726817,
                    0.8847416009302833,
                    0.7750873657350894,
                    0.2341254252370327
                ],
                [
                    1.304563063196838,
                    0.835743984891451,
                    0.6052752364194021,
                    0.5421816808593576
                ]
            ]
        },
        "1": {
            "unitary": 2,
            "set": 1,
            "mean": [
                [
                    0.9706788860341475,
                    1.023588629008591,
                    1.208121341120568,
                    2.580970336595783
                ],
                [
                    1.023588629008591,
                    1.2211080905341078,
                    1.0086616010018041,
                    2.095379690927657
                ],
                [
                    1.208121341120568,
                    1.0086616010018041,
                    0.9612270075802372,
                    1.6265440101550483
                ],
                [
                    2.580970336595783,
                    2.095379690927657,
                    1.6265440101550483,
                    0.7698522810573195
                ]
            ],
            "median": [
                [
                    0.9700817063130671,
                    0.9862613126751967,
                    0.9220557043154258,
                    2.5540630178293213
                ],
                [
                    0.9862613126751967,
                    1.1842515085299965,
                    0.8993381310792756,
                    2.233117615862284
                ],
                [
                    0.9220557043154258,
                    0.8993381310792756,
                    0.9911704525293317,
                    1.59502696339041
                ],
                [
                    2.5540630178293213,
                    2.233117615862284,
                    1.59502696339041,
                    0.6146396976364485
                ]
            ],
            "std": [
                [
                    0.9700817063130671,
                    0.630529555562598,
                    0.5595817272007353,
                    0.796269584458066
                ],
                [
                    0.9862613126751967,
                    1.1842515085299965,
                    0.42933835397600445,
                    0.8500868613187705
                ],
                [
                    0.9220557043154258,
                    0.8993381310792756,
                    0.9911704525293317,
                    0.5798872955894848
                ],
                [
                    2.5540630178293213,
                    2.233117615862284,
                    1.59502696339041,
                    0.6146396976364485
                ]
            ]
        },
        "2": {
            "unitary": 2,
            "set": 2,
            "mean": [
                [
                    0.9300268978709937,
                    0.7859701012549339,
                    0.7478690409541742,
                    1.3131143281424011
                ],
                [
                    0.7859701012549339,
                    0.6685921416026759,
                    0.7460873619517951,
                    1.1329698298874427
                ],
                [
                    0.7478690409541742,
                    0.7460873619517951,
                    0.7508228236993091,
                    1.2534284486474645
                ],
                [
                    1.3131143281424011,
                    1.1329698298874427,
                    1.2534284486474645,
                    1.0298304985804863
                ]
            ],
            "median": [
                [
                    0.9480176734505221,
                    0.7189390695930342,
                    0.7194864943012362,
                    1.3216224424686516
                ],
                [
                    0.7189390695930342,
                    0.6244442368479213,
                    0.7671507961931638,
                    1.0596393623418408
                ],
                [
                    0.7194864943012362,
                    0.7671507961931638,
                    0.7339784485084238,
                    1.127789849502733
                ],
                [
                    1.3216224424686516,
                    1.0596393623418408,
                    1.127789849502733,
                    1.0545947303180583
                ]
            ],
            "std": [
                [
                    0.9480176734505221,
                    0.357677585385486,
                    0.3241285444248569,
                    0.5796792689310764
                ],
                [
                    0.7189390695930342,
                    0.6244442368479213,
                    0.3163747755434976,
                    0.4868305632878792
                ],
                [
                    0.7194864943012362,
                    0.7671507961931638,
                    0.7339784485084238,
                    0.5764725817352189
                ],
                [
                    1.3216224424686516,
                    1.0596393623418408,
                    1.127789849502733,
                    1.0545947303180583
                ]
            ]
        },
        "3": {
            "unitary": 2,
            "set": 3,
            "mean": [
                [
                    0.903949770012332,
                    0.9368509685056778,
                    0.9193808557963348,
                    1.0278578095425472
                ],
                [
                    0.9368509685056778,
                    0.7608640840626322,
                    0.8392447778552742,
                    0.7271168297369877
                ],
                [
                    0.9193808557963348,
                    0.8392447778552742,
                    1.0033918579840246,
                    0.9872397902811645
                ],
                [
                    1.0278578095425472,
                    0.7271168297369877,
                    0.9872397902811645,
                    0.754620235546281
                ]
            ],
            "median": [
                [
                    0.8831650080610416,
                    0.9242640468582977,
                    0.8255306404134899,
                    0.9736963122959423
                ],
                [
                    0.9242640468582977,
                    0.6940722022700356,
                    0.7810600153679843,
                    0.6663202926138183
                ],
                [
                    0.8255306404134899,
                    0.7810600153679843,
                    1.0018396796294837,
                    0.9733835313818417
                ],
                [
                    0.9736963122959423,
                    0.6663202926138183,
                    0.9733835313818417,
                    0.6747015629953239
                ]
            ],
            "std": [
                [
