{
    "info": "results are matrices of values, lines and columns correspond to Schmidt rank, i.e. [1,2,3,4]. Distances between same schmid ranks only take distances between different runs of same qubit count into account.",
    "metric": "wasserstein",
    "homology dimension": 0,
    "transformed": "not_transformed",
    "0": {
        "0": {
            "unitary": 0,
            "set": 0,
            "mean": [
                [
                    0.06584557319883269,
                    0.08247053151187829,
                    0.1308142456174102,
                    0.15577509132430536
                ],
                [
                    0.08247053151187829,
                    0.09656393276881521,
                    0.11502914127028836,
                    0.13811168431824655
                ],
                [
                    0.1308142456174102,
                    0.11502914127028836,
                    0.04777050873058355,
                    0.05105821126073515
                ],
                [
                    0.15577509132430536,
                    0.13811168431824655,
                    0.05105821126073515,
                    0.03602839721067687
                ]
            ],
            "median": [
                [
                    0.06639145428257012,
                    0.07800376023284757,
                    0.1331123814139264,
                    0.15520859913708196
                ],
                [
                    0.07800376023284757,
                    0.09352506989177808,
                    0.11208943418448168,
                    0.1369177681322476
                ],
                [
                    0.1331123814139264,
                    0.11208943418448168,
                    0.04714597570503008,
                    0.0491140288299006
                ],
                [
                    0.15520859913708196,
                    0.1369177681322476,
                    0.0491140288299006,
                    0.03609489422635591
                ]
            ],
            "std": [
                [
                    0.06639145428257012,
                    0.016420144385559565,
                    0.011801849661046682,
                    0.01086679138360188
                ],
                [
                    0.07800376023284757,
                    0.09352506989177808,
                    0.046777438866953076,
                    0.04988657429902324
                ],
                [
                    0.1331123814139264,
                    0.11208943418448168,
                    0.04714597570503008,
                    0.010533820705402151
                ],
                [
                    0.15520859913708196,
                    0.1369177681322476,
                    0.0491140288299006,
                    0.03609489422635591
                ]
            ]
        },
        "1": {
            "unitary": 0,
            "set": 1,
            "mean": [
                [
                    0.06871742296457065,
                    0.08620675700033809,
                    0.13116080098847874,
                    0.15742331789743702
                ],
                [
                    0.08620675700033809,
                    0.10187511118257811,
                    0.1160290147650723,
                    0.14013274539335083
                ],
                [
                    0.13116080098847874,
                    0.1160290147650723,
                    0.046432873254506825,
                    0.050438901266544614
                ],
                [
                    0.15742331789743702,
                    0.14013274539335083,
                    0.050438901266544614,
                    0.03730564961095384
                ]
            ],
            "median": [
                [
                    0.06812292434529878,
                    0.09043139622588087,
                    0.13390349101334664,
                    0.15692400521086358
                ],
                [
                    0.09043139622588087,
                    0.09639968821136531,
                    0.11629658276811045,
                    0.1412971420604995
                ],
                [
                    0.13390349101334664,
                    0.11629658276811045,
                    0.04364221998745448,
                    0.04655182813979874
                ],
                [
                    0.15692400521086358,
                    0.1412971420604995,
                    0.04655182813979874,
                    0.03665219377420373
                ]
            ],
            "std": [
                [
                    0.06812292434529878,
                    0.01788535380181801,
                    0.013024008341804404,
                    0.012788300916475622
                ],
                [
                    0.09043139622588087,
                    0.09639968821136531,
                    0.050295910292487374,
                    0.053308876613363435
                ],
                [
                    0.13390349101334664,
                    0.11629658276811045,
                    0.04364221998745448,
                    0.011467873769844518
                ],
                [
                    0.15692400521086358,
                    0.1412971420604995,
                    0.04655182813979874,
                    0.03665219377420373
                ]
            ]
        },
        "2": {
            "unitary": 0,
            "set": 2,
            "mean": [
                [
                    0.06489153806335539,
                    0.08418438307714682,
                    0.13480445272189734,
                    0.16137480790185596
                ],
                [
                    0.08418438307714682,
                    0.09670006070832723,
                    0.11140783878507335,
                    0.13569043000533143
                ],
                [
                    0.13480445272189734,
                    0.11140783878507335,
                    0.04495494456184053,
                    0.04898230650639559
                ],
                [
                    0.16137480790185596,
                    0.13569043000533143,
                    0.04898230650639559,
                    0.03618395294455194
                ]
            ],
            "median": [
                [
                    0.06496477555890157,
                    0.08551300691930244,
                    0.1353124007499651,
                    0.16258854588225352
                ],
                [
                    0.08551300691930244,
                    0.0874255542571496,
                    0.10743263786739637,
                    0.1305278671870179
                ],
                [
                    0.1353124007499651,
                    0.10743263786739637,
                    0.043376065810368826,
                    0.04643194708011642
                ],
                [
                    0.16258854588225352,
                    0.1305278671870179,
                    0.04643194708011642,
                    0.03623747560456779
                ]
            ],
            "std": [
                [
                    0.06496477555890157,
                    0.018324588204230347,
                    0.011738889070450885,
                    0.012882662857765207
                ],
                [
                    0.08551300691930244,
                    0.0874255542571496,
                    0.04961694176552702,
                    0.05267796606470953
                ],
                [
                    0.1353124007499651,
                    0.10743263786739637,
                    0.043376065810368826,
                    0.01066482719957659
                ],
                [
                    0.16258854588225352,
                    0.1305278671870179,
                    0.04643194708011642,
                    0.03623747560456779
                ]
            ]
        },
        "3": {
            "unitary": 0,
            "set": 3,
            "mean": [
                [
                    0.06633575565031476,
                    0.08493890474894136,
                    0.13146198310744064,
                    0.15743218747292972
                ],
                [
                    0.08493890474894136,
                    0.09831309374481703,
                    0.11316381455015324,
                    0.13660183107975882
                ],
                [
                    0.13146198310744064,
                    0.11316381455015324,
                    0.04561363021534899,
                    0.04979039438490239
                ],
                [
                    0.15743218747292972,
                    0.13660183107975882,
                    0.04979039438490239,
                    0.03638580186967712
                ]
            ],
            "median": [
                [
                    0.0667681911296037,
                    0.08318900182425647,
                    0.13200381571284747,
                    0.15799748704469513
                ],
                [
                    0.08318900182425647,
                    0.08838460309562413,
                    0.10894941837940517,
                    0.13503772750401832
                ],
                [
                    0.13200381571284747,
                    0.10894941837940517,
                    0.04416839242314746,
                    0.04761458023482236
                ],
                [
                    0.15799748704469513,
                    0.13503772750401832,
                    0.04761458023482236,
                    0.0363796164465889
                ]
            ],
            "std": [
                [
                    0.0667681911296037,
                    0.017158906226266847,
                    0.012278963164266831,
                    0.01156003256009687
                ],
                [
                    0.08318900182425647,
                    0.08838460309562413,
                    0.05009237496345604,
                    0.05271078434384813
                ],
                [
                    0.13200381571284747,
                    0.10894941837940517,
                    0.04416839242314746,
                    0.010564278059215164
                ],
                [
                    0.15799748704469513,
                    0.13503772750401832,
                    0.04761458023482236,
                    0.0363796164465889
                ]
            ]
        },
        "4": {
            "unitary": 0,
            "set": 4,
            "mean": [
                [
                    0.06732682972671984,
                    0.083970751895344,
                    0.13328351017214188,
                    0.1581326309745793
                ],
                [
                    0.083970751895344,
                    0.09907080315238266,
                    0.11603965180011339,
                    0.1389350360821444
                ],
                [
                    0.13328351017214188,
                    0.11603965180011339,
                    0.04598294131625338,
                    0.048254619139588915
                ],
                [
                    0.1581326309745793,
                    0.1389350360821444,
                    0.048254619139588915,
                    0.035969415605332906
                ]
            ],
            "median": [
                [
                    0.06757690839652658,
                    0.07854265135039709,
                    0.13520071143436374,
                    0.15866187279989657
                ],
                [
                    0.07854265135039709,
                    0.09471351836053815,
                    0.11340629415982814,
                    0.13636676410869336
                ],
                [
                    0.13520071143436374,
                    0.11340629415982814,
                    0.04324652534520585,
                    0.044909660385969635
                ],
                [
                    0.15866187279989657,
                    0.13636676410869336,
                    0.044909660385969635,
                    0.035883470449886434
                ]
            ],
            "std": [
                [
                    0.06757690839652658,
                    0.017404381510036062,
                    0.011839466018191157,
                    0.011204467200050302
                ],
                [
                    0.07854265135039709,
                    0.09471351836053815,
                    0.04980024816752407,
                    0.05221451443894607
                ],
                [
                    0.13520071143436374,
                    0.11340629415982814,
                    0.04324652534520585,
                    0.01044742021167459
                ],
                [
                    0.15866187279989657,
                    0.13636676410869336,
                    0.044909660385969635,
                    0.035883470449886434
                ]
            ]
        },
        "all": {
            "mean": [
                [
                    0.06662342392075866,
                    0.08435426564672971,
                    0.13230499852147376,
                    0.15802760711422148
                ],
                [
                    0.08435426564672971,
                    0.09850460031138404,
                    0.11433389223414013,
                    0.1378943453757664
                ],
                [
                    0.13230499852147376,
                    0.11433389223414013,
                    0.046150979615706654,
                    0.04970488651163334
                ],
                [
                    0.15802760711422148,
                    0.1378943453757664,
                    0.04970488651163334,
                    0.036374643448238535
                ]
            ],
            "median": [
                [
                    0.0661211570566222,
                    0.08300956048046824,
                    0.13390349101334664,
                    0.15799748704469513
                ],
                [
                    0.08300956048046824,
                    0.09228808954325593,
                    0.10894941837940517,
                    0.13503772750401832
                ],
                [
                    0.13390349101334664,
                    0.10894941837940517,
                    0.04422018147299493,
                    0.0466724951349905
                ],
                [
                    0.15799748704469513,
                    0.13503772750401832,
                    0.0466724951349905,
                    0.036412371743717864
                ]
            ],
            "std": [
                [
                    0.003392189722452919,
                    0.017493633344808242,
                    0.01224012108483659,
                    0.012031405039761281
                ],
                [
                    0.017493633344808242,
                    0.034529263543604055,
                    0.049366296871811315,
                    0.05219755852181295
                ],
                [
                    0.01224012108483659,
                    0.049366296871811315,
                    0.005702427873155957,
                    0.010788582678840936
                ],
                [
                    0.012031405039761281,
                    0.05219755852181295,
                    0.010788582678840936,
                    0.0043848879895353994
                ]
            ]
        }
    },
    "1": {
        "0": {
            "unitary": 1,
            "set": 0,
            "mean": [
                [
                    0.07647755301923131,
                    0.12704392711170043,
                    0.13928040812639397,
                    0.1701778700495545
                ],
                [
                    0.12704392711170043,
                    0.06569861898803128,
                    0.05912505868396826,
                    0.07281355662730361
                ],
                [
                    0.13928040812639397,
                    0.05912505868396826,
                    0.05453748854302578,
                    0.06174786593458301
                ],
                [
                    0.1701778700495545,
                    0.07281355662730361,
                    0.06174786593458301,
                    0.0541073194317959
                ]
            ],
            "median": [
                [
                    0.07586439493560562,
                    0.1232148200463635,
                    0.14116832419463493,
                    0.16546678186850167
                ],
                [
                    0.1232148200463635,
                    0.06373623480615359,
                    0.05262947934079924,
                    0.06420171445989739
                ],
                [
                    0.14116832419463493,
                    0.05262947934079924,
                    0.05033885205500309,
                    0.05592402149778848
                ],
                [
                    0.16546678186850167,
                    0.06420171445989739,
                    0.05592402149778848,
                    0.05347435202551626
                ]
            ],
            "std": [
                [
                    0.07586439493560562,
                    0.03164134068619564,
                    0.027801641583371228,
                    0.03280662762869964
                ],
                [
                    0.1232148200463635,
                    0.06373623480615359,
                    0.015026718228745016,
                    0.02590429646566304
                ],
                [
                    0.14116832419463493,
                    0.05262947934079924,
                    0.05033885205500309,
                    0.016362113569505173
                ],
                [
                    0.16546678186850167,
                    0.06420171445989739,
                    0.05592402149778848,
                    0.05347435202551626
                ]
            ]
        },
        "1": {
            "unitary": 1,
            "set": 1,
            "mean": [
                [
                    0.07979954521490609,
                    0.12732615072386916,
                    0.13977982014768872,
                    0.16956599323488128
                ],
                [
                    0.12732615072386916,
                    0.06500362683387291,
                    0.05809698436849189,
                    0.07135308324415593
                ],
                [
                    0.13977982014768872,
                    0.05809698436849189,
                    0.05215781405462248,
                    0.059778396786918195
                ],
                [
                    0.16956599323488128,
                    0.07135308324415593,
                    0.059778396786918195,
                    0.051639584917285
                ]
            ],
            "median": [
                [
                    0.07947534464340338,
                    0.1280465255016589,
                    0.13498766338176452,
                    0.16437772410594492
                ],
                [
                    0.1280465255016589,
                    0.05948746110520531,
                    0.052111246143980425,
                    0.0611508991261263
                ],
                [
                    0.13498766338176452,
                    0.052111246143980425,
                    0.05115794451215258,
                    0.05393826136975337
                ],
                [
                    0.16437772410594492,
                    0.0611508991261263,
                    0.05393826136975337,
                    0.051297100770076
                ]
            ],
            "std": [
                [
                    0.07947534464340338,
                    0.030853922465073288,
                    0.026794625065703532,
                    0.031151722243273994
                ],
                [
                    0.1280465255016589,
                    0.05948746110520531,
                    0.015127274651309006,
                    0.025689878422267047
                ],
                [
                    0.13498766338176452,
                    0.052111246143980425,
                    0.05115794451215258,
                    0.014041268416070615
                ],
                [
                    0.16437772410594492,
                    0.0611508991261263,
                    0.05393826136975337,
                    0.051297100770076
                ]
            ]
        },
        "2": {
            "unitary": 1,
            "set": 2,
            "mean": [
                [
                    0.07758003116012371,
                    0.12858270129663002,
                    0.14231474101912564,
                    0.1730592128109783
                ],
                [
                    0.12858270129663002,
                    0.0668224674016906,
                    0.060311108321120424,
                    0.07375270470828808
                ],
                [
                    0.14231474101912564,
                    0.060311108321120424,
                    0.0555982446502445,
                    0.06127264813550945
                ],
                [
                    0.1730592128109783,
                    0.07375270470828808,
                    0.06127264813550945,
                    0.0542370901089795
                ]
            ],
            "median": [
                [
                    0.07605639695560054,
                    0.12559123345691225,
                    0.14095334558631434,
                    0.16795602781487975
                ],
                [
                    0.12559123345691225,
                    0.06183158576978311,
                    0.055566867719740745,
                    0.06640309855206643
                ],
                [
                    0.14095334558631434,
                    0.055566867719740745,
                    0.056286767482875075,
                    0.05582533607854204
                ],
                [
                    0.16795602781487975,
                    0.06640309855206643,
                    0.05582533607854204,
                    0.05351308565521637
                ]
            ],
            "std": [
                [
                    0.07605639695560054,
                    0.03344020497457531,
                    0.028545883101606318,
                    0.03319357289116226
                ],
                [
                    0.12559123345691225,
                    0.06183158576978311,
                    0.015653258136638204,
                    0.02645669529111973
                ],
                [
                    0.14095334558631434,
                    0.055566867719740745,
                    0.056286767482875075,
                    0.01591041168019943
                ],
                [
                    0.16795602781487975,
                    0.06640309855206643,
                    0.05582533607854204,
                    0.05351308565521637
                ]
            ]
        },
        "3": {
            "unitary": 1,
            "set": 3,
            "mean": [
                [
                    0.0823557734251507,
                    0.13183869154446376,
                    0.1454016204648278,
                    0.17500681855153422
                ],
                [
                    0.13183869154446376,
                    0.06518321858565604,
                    0.05920506299093075,
                    0.07241765771431212
                ],
                [
                    0.1454016204648278,
                    0.05920506299093075,
                    0.053707932415553494,
                    0.06075940959776705
                ],
                [
                    0.17500681855153422,
                    0.07241765771431212,
                    0.06075940959776705,
                    0.053184253301095774
                ]
            ],
            "median": [
                [
                    0.0810339231710756,
                    0.12895492262406805,
                    0.14218695607570814,
                    0.17095982294423465
                ],
                [
                    0.12895492262406805,
                    0.05989180294740655,
                    0.05322843604198785,
                    0.0640498329566227
                ],
                [
                    0.14218695607570814,
                    0.05322843604198785,
                    0.05265046067007531,
                    0.05482845174503549
                ],
                [
                    0.17095982294423465,
                    0.0640498329566227,
                    0.05482845174503549,
                    0.05210223227421437
                ]
            ],
            "std": [
                [
                    0.0810339231710756,
                    0.03405202370844126,
                    0.030419400678524725,
                    0.03532436918124431
                ],
                [
                    0.12895492262406805,
                    0.05989180294740655,
                    0.014873276209655745,
                    0.025652377410354848
                ],
                [
                    0.14218695607570814,
                    0.05322843604198785,
                    0.05265046067007531,
                    0.013872243828328202
                ],
                [
                    0.17095982294423465,
                    0.0640498329566227,
                    0.05482845174503549,
                    0.05210223227421437
                ]
            ]
        },
        "4": {
            "unitary": 1,
            "set": 4,
            "mean": [
                [
                    0.07915702405982213,
                    0.1277589936008234,
                    0.14076547149479876,
                    0.17180440645494507
                ],
                [
                    0.1277589936008234,
                    0.06540011603568956,
                    0.05867025888765521,
                    0.07251668693602092
                ],
                [
                    0.14076547149479876,
                    0.05867025888765521,
                    0.0538675338664111,
                    0.060582383777101026
                ],
                [
                    0.17180440645494507,
                    0.07251668693602092,
                    0.060582383777101026,
                    0.05285060641900825
                ]
            ],
            "median": [
                [
                    0.07739531068539607,
                    0.1265862402396786,
                    0.1403721310005529,
                    0.16648835793340755
                ],
                [
                    0.1265862402396786,
                    0.06307166946697094,
                    0.0539153772154297,
                    0.06190218577983754
                ],
                [
                    0.1403721310005529,
                    0.0539153772154297,
                    0.050978609772420413,
                    0.05474462476886352
                ],
                [
                    0.16648835793340755,
                    0.06190218577983754,
                    0.05474462476886352,
                    0.054661167432840815
                ]
            ],
            "std": [
                [
                    0.07739531068539607,
                    0.03289010761003997,
                    0.0291753041263488,
                    0.03255670718267409
                ],
                [
                    0.1265862402396786,
                    0.06307166946697094,
                    0.014683874631033347,
                    0.025262228272457044
                ],
                [
                    0.1403721310005529,
                    0.0539153772154297,
                    0.050978609772420413,
                    0.015622915535376796
                ],
                [
                    0.16648835793340755,
                    0.06190218577983754,
                    0.05474462476886352,
                    0.054661167432840815
                ]
            ]
        },
        "all": {
            "mean": [
                [
                    0.07907398537584678,
                    0.12851009285549736,
                    0.14150841225056698,
                    0.17192286022037864
                ],
                [
                    0.12851009285549736,
                    0.06562160956898809,
                    0.05908169465043331,
                    0.07257073784601613
                ],
                [
                    0.14150841225056698,
                    0.05908169465043331,
                    0.05397380270597146,
                    0.06082814084637574
                ],
                [
                    0.17192286022037864,
                    0.07257073784601613,
                    0.06082814084637574,
                    0.05320377083563289
                ]
            ],
            "median": [
                [
                    0.07739531068539607,
                    0.12666536754953128,
                    0.14000973927304022,
                    0.16740816685317558
                ],
                [
                    0.12666536754953128,
                    0.06124246360074698,
                    0.05346788572018356,
                    0.06365239558506022
                ],
                [
                    0.14000973927304022,
                    0.05346788572018356,
                    0.05129534622490725,
                    0.05515940784067869
                ],
                [
                    0.16740816685317558,
                    0.06365239558506022,
                    0.05515940784067869,
                    0.05282855928666445
                ]
            ],
            "std": [
                [
                    0.010323732575590194,
                    0.03264318039085693,
                    0.02865868171421237,
                    0.03309285142497996
                ],
                [
                    0.03264318039085693,
                    0.015434946251099098,
                    0.015094099513848767,
                    0.02580755254933359
                ],
                [
                    0.02865868171421237,
                    0.015094099513848767,
                    0.007450683600098043,
                    0.015210143863652523
                ],
                [
                    0.03309285142497996,
                    0.02580755254933359,
                    0.015210143863652523,
                    0.014663992574460829
                ]
            ]
        }
    },
    "2": {
        "0": {
            "unitary": 2,
            "set": 0,
            "mean": [
                [
                    0.10602522136486096,
                    0.1443994994812352,
                    0.16824926558249984,
                    0.19649243540579267
                ],
                [
                    0.1443994994812352,
                    0.09131181285515522,
                    0.07910282418627049,
                    0.08923155653894035
                ],
                [
                    0.16824926558249984,
                    0.07910282418627049,
                    0.0665985998473983,
                    0.06298002521693996
                ],
                [
                    0.19649243540579267,
                    0.08923155653894035,
                    0.06298002521693996,
                    0.05150670132754178
                ]
            ],
            "median": [
                [
                    0.09938560643705305,
                    0.13600177659820992,
                    0.16069316950552742,
                    0.20118575277109452
                ],
                [
                    0.13600177659820992,
                    0.06789883751553813,
                    0.06486023105385179,
                    0.07314751227715281
                ],
                [
                    0.16069316950552742,
                    0.06486023105385179,
                    0.06559196889233895,
                    0.05623368644985795
                ],
                [
                    0.20118575277109452,
                    0.07314751227715281,
                    0.05623368644985795,
                    0.04815378035663548
                ]
            ],
            "std": [
                [
                    0.09938560643705305,
                    0.05202128390383392,
                    0.05099089024134422,
                    0.050229382299615405
                ],
                [
                    0.13600177659820992,
                    0.06789883751553813,
                    0.036512996456618665,
                    0.047000515711979836
                ],
                [
                    0.16069316950552742,
                    0.06486023105385179,
                    0.06559196889233895,
                    0.020722287348686783
                ],
                [
                    0.20118575277109452,
                    0.07314751227715281,
                    0.05623368644985795,
                    0.04815378035663548
                ]
            ]
        },
        "1": {
            "unitary": 2,
            "set": 1,
            "mean": [
                [
                    0.10815476899841223,
                    0.14561413650362012,
                    0.16852630704811755,
                    0.19644808478813247
                ],
                [
                    0.14561413650362012,
                    0.0932131581082288,
                    0.08049572016915456,
                    0.09106507495893996
                ],
                [
                    0.16852630704811755,
                    0.08049572016915456,
                    0.06580488185630458,
                    0.061857569465004494
                ],
                [
                    0.19644808478813247,
                    0.09106507495893996,
                    0.061857569465004494,
                    0.051175011632373056
                ]
            ],
            "median": [
                [
                    0.10228188354238091,
                    0.13342733203955465,
                    0.15690783167322342,
                    0.20154833384424004
                ],
                [
                    0.13342733203955465,
                    0.07411770644569256,
                    0.0676335284855617,
                    0.07682017023488096
                ],
                [
                    0.15690783167322342,
                    0.0676335284855617,
                    0.06618180518995655,
                    0.05475191241445056
                ],
                [
                    0.20154833384424004,
                    0.07682017023488096,
                    0.05475191241445056,
                    0.04636361989321357
                ]
            ],
            "std": [
                [
                    0.10228188354238091,
                    0.05361698968931568,
                    0.05520647503908549,
                    0.053907639004545406
                ],
                [
                    0.13342733203955465,
                    0.07411770644569256,
                    0.035889542764481176,
                    0.045533672108267975
                ],
                [
                    0.15690783167322342,
                    0.0676335284855617,
                    0.06618180518995655,
                    0.02156692218353972
                ],
                [
                    0.20154833384424004,
                    0.07682017023488096,
                    0.05475191241445056,
                    0.04636361989321357
                ]
            ]
        },
        "2": {
            "unitary": 2,
            "set": 2,
            "mean": [
                [
                    0.1070667884291269,
                    0.14308878484039744,
                    0.16883757862894272,
                    0.19674820731606318
                ],
                [
                    0.14308878484039744,
                    0.08751286697389102,
                    0.07871708943216692,
                    0.08882250048311677
                ],
                [
                    0.16883757862894272,
                    0.07871708943216692,
                    0.06754727132899677,
                    0.06308603948765538
                ],
                [
                    0.19674820731606318,
                    0.08882250048311677,
                    0.06308603948765538,
                    0.052692936583618045
                ]
            ],
            "median": [
                [
                    0.09959183519854455,
                    0.1322323659718282,
                    0.15794105243747703,
                    0.20522913025637918
                ],
                [
                    0.1322323659718282,
                    0.06942647774725694,
                    0.06684681804466687,
                    0.07108302720062729
                ],
                [
                    0.15794105243747703,
                    0.06684681804466687,
                    0.0674729974982689,
                    0.05586522651528532
                ],
                [
                    0.20522913025637918,
                    0.07108302720062729,
                    0.05586522651528532,
                    0.050679309979337964
                ]
            ],
            "std": [
                [
                    0.09959183519854455,
                    0.05477608093370139,
                    0.055596046546052325,
                    0.05457436202521243
                ],
                [
                    0.1322323659718282,
                    0.06942647774725694,
                    0.034608400657562974,
                    0.04431098376646638
                ],
                [
                    0.15794105243747703,
                    0.06684681804466687,
                    0.0674729974982689,
                    0.021888196355185005
                ],
                [
                    0.20522913025637918,
                    0.07108302720062729,
                    0.05586522651528532,
                    0.050679309979337964
                ]
            ]
        },
        "3": {
            "unitary": 2,
            "set": 3,
            "mean": [
                [
                    0.10668302016041462,
                    0.14479153101538356,
                    0.1689551964372577,
                    0.19604886406597163
                ],
                [
                    0.14479153101538356,
                    0.09291580927051951,
                    0.08031907542968433,
                    0.08936584015291198
                ],
                [
                    0.1689551964372577,
                    0.08031907542968433,
                    0.06708923438677286,
                    0.06263509925796872
                ],
                [
                    0.19604886406597163,
                    0.08936584015291198,
                    0.06263509925796872,
                    0.05047476741864214
                ]
            ],
            "median": [
                [
                    0.10117369161638179,
