{
    "info": "results are matrices of values, lines and columns correspond to Schmidt rank, i.e. [1,2,3,4]. Distances between same schmid ranks only take distances between different runs of same qubit count into account.",
    "metric": "wasserstein",
    "homology dimension": 0,
    "transformed": "transformed_50_100",
    "0": {
        "0": {
            "unitary": 0,
            "set": 0,
            "mean": [
                [
                    2.209197176649724,
                    4.2293351136041135,
                    10.802159076539972,
                    13.707434240526744
                ],
                [
                    4.2293351136041135,
                    5.441927798260897,
                    8.791474762261554,
                    11.593046673425688
                ],
                [
                    10.802159076539972,
                    8.791474762261554,
                    3.0501927496759196,
                    3.9219331756773257
                ],
                [
                    13.707434240526744,
                    11.593046673425688,
                    3.9219331756773257,
                    2.713933094680327
                ]
            ],
            "median": [
                [
                    2.1642896154615165,
                    3.910891926525948,
                    11.248449955463034,
                    13.962355120260884
                ],
                [
                    3.910891926525948,
                    4.853351509967734,
                    9.391226047924835,
                    11.965004297353962
                ],
                [
                    11.248449955463034,
                    9.391226047924835,
                    2.352357478466862,
                    3.5687347926063917
                ],
                [
                    13.962355120260884,
                    11.965004297353962,
                    3.5687347926063917,
                    2.731321741348798
                ]
            ],
            "std": [
                [
                    2.1642896154615165,
                    1.8166668910346258,
                    1.6349224299449605,
                    1.593216380986597
                ],
                [
                    3.910891926525948,
                    4.853351509967734,
                    3.295243924308972,
                    3.515201736627657
                ],
                [
                    11.248449955463034,
                    9.391226047924835,
                    2.352357478466862,
                    1.688391746351712
                ],
                [
                    13.962355120260884,
                    11.965004297353962,
                    3.5687347926063917,
                    2.731321741348798
                ]
            ]
        },
        "1": {
            "unitary": 0,
            "set": 1,
            "mean": [
                [
                    2.3412503625527146,
                    4.177556380275998,
                    10.893795410483735,
                    13.810225667873738
                ],
                [
                    4.177556380275998,
                    5.094930596494083,
                    8.749429123863846,
                    11.5789781960088
                ],
                [
                    10.893795410483735,
                    8.749429123863846,
                    3.310413667131178,
                    4.035158587863714
                ],
                [
                    13.810225667873738,
                    11.5789781960088,
                    4.035158587863714,
                    2.9356659089674815
                ]
            ],
            "median": [
                [
                    2.3247538382569983,
                    4.266945513975584,
                    11.264681567158373,
                    14.176496269792334
                ],
                [
                    4.266945513975584,
                    4.746514480807168,
                    9.133691419767768,
                    11.911997631470744
                ],
                [
                    11.264681567158373,
                    9.133691419767768,
                    2.6853120190204938,
                    3.568226844969063
                ],
                [
                    14.176496269792334,
                    11.911997631470744,
                    3.568226844969063,
                    2.8243918769456187
                ]
            ],
            "std": [
                [
                    2.3247538382569983,
                    1.7291818597834177,
                    1.648557599252693,
                    1.435079420485823
                ],
                [
                    4.266945513975584,
                    4.746514480807168,
                    3.2574305444482716,
                    3.293529763791372
                ],
                [
                    11.264681567158373,
                    9.133691419767768,
                    2.6853120190204938,
                    1.570623510065698
                ],
                [
                    14.176496269792334,
                    11.911997631470744,
                    3.568226844969063,
                    2.8243918769456187
                ]
            ]
        },
        "2": {
            "unitary": 0,
            "set": 2,
            "mean": [
                [
                    1.479414870344229,
                    4.101916291246484,
                    10.980495431346935,
                    13.884435346707855
                ],
                [
                    4.101916291246484,
                    4.801059533508469,
                    8.442261430217467,
                    11.374241580027938
                ],
                [
                    10.980495431346935,
                    8.442261430217467,
                    3.1522729097638718,
                    4.060709134953255
                ],
                [
                    13.884435346707855,
                    11.374241580027938,
                    4.060709134953255,
                    2.7538895146280735
                ]
            ],
            "median": [
                [
                    1.4905168964501123,
                    3.601308885530332,
                    11.444854408057958,
                    14.103926804272497
                ],
                [
                    3.601308885530332,
                    4.3405855702520935,
                    8.5456412276175,
                    11.226044550539253
                ],
                [
                    11.444854408057958,
                    8.5456412276175,
                    2.8989898574421504,
                    3.6112936468572197
                ],
                [
                    14.103926804272497,
                    11.226044550539253,
                    3.6112936468572197,
                    2.805765696796241
                ]
            ],
            "std": [
                [
                    1.4905168964501123,
                    1.8660420509051816,
                    1.7335828898083923,
                    1.560832274373488
                ],
                [
                    3.601308885530332,
                    4.3405855702520935,
                    3.306157956228773,
                    3.4186598694593777
                ],
                [
                    11.444854408057958,
                    8.5456412276175,
                    2.8989898574421504,
                    1.6212519822875069
                ],
                [
                    14.103926804272497,
                    11.226044550539253,
                    3.6112936468572197,
                    2.805765696796241
                ]
            ]
        },
        "3": {
            "unitary": 0,
            "set": 3,
            "mean": [
                [
                    1.981033690950746,
                    4.014725414241713,
                    10.679832785383237,
                    13.53521097092781
                ],
                [
                    4.014725414241713,
                    4.791815394297889,
                    8.45963570243425,
                    11.28103921700572
                ],
                [
                    10.679832785383237,
                    8.45963570243425,
                    3.090317594402781,
                    3.8923040469899046
                ],
                [
                    13.53521097092781,
                    11.28103921700572,
                    3.8923040469899046,
                    2.7131484943839523
                ]
            ],
            "median": [
                [
                    1.9914876512841115,
                    3.6500289514096425,
                    11.047979977386087,
                    13.867704924288855
                ],
                [
                    3.6500289514096425,
                    4.5021652563039485,
                    8.648498812240707,
                    11.504861686187628
                ],
                [
                    11.047979977386087,
                    8.648498812240707,
                    2.768856522957485,
                    3.52479095653065
                ],
                [
                    13.867704924288855,
                    11.504861686187628,
                    3.52479095653065,
                    2.6452560205080315
                ]
            ],
            "std": [
                [
                    1.9914876512841115,
                    1.6233728578076574,
                    1.627833701338117,
                    1.4849180091616088
                ],
                [
                    3.6500289514096425,
                    4.5021652563039485,
                    3.1598255457920303,
                    3.2388061866742217
                ],
                [
                    11.047979977386087,
                    8.648498812240707,
                    2.768856522957485,
                    1.5704722506373636
                ],
                [
                    13.867704924288855,
                    11.504861686187628,
                    3.52479095653065,
                    2.6452560205080315
                ]
            ]
        },
        "4": {
            "unitary": 0,
            "set": 4,
            "mean": [
                [
                    1.9755038376044307,
                    4.102789724900707,
                    11.150410742242556,
                    13.749406813367154
                ],
                [
                    4.102789724900707,
                    4.918907303935458,
                    8.944800617552742,
                    11.488101764232708
                ],
                [
                    11.150410742242556,
                    8.944800617552742,
                    3.2938534649573383,
                    3.951281875127062
                ],
                [
                    13.749406813367154,
                    11.488101764232708,
                    3.951281875127062,
                    3.0004761280865586
                ]
            ],
            "median": [
                [
                    1.7134238996873554,
                    3.7245062110042215,
                    11.761422999826978,
                    14.020769414019753
                ],
                [
                    3.7245062110042215,
                    4.356959321960388,
                    8.84607732045582,
                    11.360186903383603
                ],
                [
                    11.761422999826978,
                    8.84607732045582,
                    2.857559442767072,
                    3.507416781035082
                ],
                [
                    14.020769414019753,
                    11.360186903383603,
                    3.507416781035082,
                    2.8792360337166443
                ]
            ],
            "std": [
                [
                    1.7134238996873554,
                    1.7260552004515848,
                    1.6189543866461626,
                    1.4684493901526547
                ],
                [
                    3.7245062110042215,
                    4.356959321960388,
                    3.0894105845911892,
                    3.3031174771123206
                ],
                [
                    11.761422999826978,
                    8.84607732045582,
                    2.857559442767072,
                    1.7522163332161171
                ],
                [
                    14.020769414019753,
                    11.360186903383603,
                    3.507416781035082,
                    2.8792360337166443
                ]
            ]
        },
        "all": {
            "mean": [
                [
                    1.9972799876203688,
                    4.125264584853803,
                    10.901338689199289,
                    13.737342607880663
                ],
                [
                    4.125264584853803,
                    5.009728125299359,
                    8.67752032726597,
                    11.46308148614017
                ],
                [
                    10.901338689199289,
                    8.67752032726597,
                    3.1794100771862177,
                    3.972277364122252
                ],
                [
                    13.737342607880663,
                    11.46308148614017,
                    3.972277364122252,
                    2.823422628149279
                ]
            ],
            "median": [
                [
                    1.8963112982817347,
                    3.7245062110042215,
                    11.391092607891942,
                    14.063733278483767
                ],
                [
                    3.7245062110042215,
                    4.5504452322643,
                    8.84607732045582,
                    11.504861686187628
                ],
                [
                    11.391092607891942,
                    8.84607732045582,
                    2.649236143153592,
                    3.568226844969063
                ],
                [
                    14.063733278483767,
                    11.504861686187628,
                    3.568226844969063,
                    2.744861656742925
                ]
            ],
            "std": [
                [
                    0.6549148709038,
                    1.7557848217028855,
                    1.660972007624534,
                    1.5142099816236005
                ],
                [
                    1.7557848217028855,
                    2.092340086179186,
                    3.228669622132193,
                    3.3574885961955507
                ],
                [
                    1.660972007624534,
                    3.228669622132193,
                    1.4579771084035094,
                    1.643397296073909
                ],
                [
                    1.5142099816236005,
                    3.3574885961955507,
                    1.643397296073909,
                    0.9235240362844173
                ]
            ]
        }
    },
    "1": {
        "0": {
            "unitary": 1,
            "set": 0,
            "mean": [
                [
                    2.135684367723848,
                    7.736258366721923,
                    10.513057866002978,
                    13.862328432229214
                ],
                [
                    7.736258366721923,
                    4.209422101597461,
                    4.368785939175789,
                    7.08501821015205
                ],
                [
                    10.513057866002978,
                    4.368785939175789,
                    3.7497658329321006,
                    4.764659851212462
                ],
                [
                    13.862328432229214,
                    7.08501821015205,
                    4.764659851212462,
                    4.304723860839836
                ]
            ],
            "median": [
                [
                    1.9716556386522583,
                    8.3383722095875,
                    10.779949971942106,
                    14.81912517990069
                ],
                [
                    8.3383722095875,
                    4.469549045188371,
                    4.427068579350513,
                    6.697520268583677
                ],
                [
                    10.779949971942106,
                    4.427068579350513,
                    3.506554481096643,
                    4.800772800687653
                ],
                [
                    14.81912517990069,
                    6.697520268583677,
                    4.800772800687653,
                    2.9205969756651244
                ]
            ],
            "std": [
                [
                    1.9716556386522583,
                    2.34150140694599,
                    2.2636983581709225,
                    2.6711808681598996
                ],
                [
                    8.3383722095875,
                    4.469549045188371,
                    2.214787731655321,
                    2.8305006486150606
                ],
                [
                    10.779949971942106,
                    4.427068579350513,
                    3.506554481096643,
                    2.1075189316403566
                ],
                [
                    14.81912517990069,
                    6.697520268583677,
                    4.800772800687653,
                    2.9205969756651244
                ]
            ]
        },
        "1": {
            "unitary": 1,
            "set": 1,
            "mean": [
                [
                    2.1763546062869614,
                    7.499645286254165,
                    10.227021891334733,
                    13.584545570142888
                ],
                [
                    7.499645286254165,
                    3.8613153550146793,
                    4.170766137516172,
                    6.905336951086201
                ],
                [
                    10.227021891334733,
                    4.170766137516172,
                    3.5762938910659257,
                    4.858427977681192
                ],
                [
                    13.584545570142888,
                    6.905336951086201,
                    4.858427977681192,
                    4.394849624128769
                ]
            ],
            "median": [
                [
                    2.1182361416445694,
                    7.991677265525132,
                    10.550598248514476,
                    14.620214323848957
                ],
                [
                    7.991677265525132,
                    3.9347406069289734,
                    3.91403435870666,
                    6.553492189929454
                ],
                [
                    10.550598248514476,
                    3.91403435870666,
                    3.194879852901683,
                    4.43720536733581
                ],
                [
                    14.620214323848957,
                    6.553492189929454,
                    4.43720536733581,
                    2.849048596295236
                ]
            ],
            "std": [
                [
                    2.1182361416445694,
                    2.446076510502119,
                    2.4251272925513625,
                    2.9434935630066583
                ],
                [
                    7.991677265525132,
                    3.9347406069289734,
                    2.1334990985798847,
                    2.849009644883899
                ],
                [
                    10.550598248514476,
                    3.91403435870666,
                    3.194879852901683,
                    2.086414388536164
                ],
                [
                    14.620214323848957,
                    6.553492189929454,
                    4.43720536733581,
                    2.849048596295236
                ]
            ]
        },
        "2": {
            "unitary": 1,
            "set": 2,
            "mean": [
                [
                    1.7953967478141473,
                    7.848844419996056,
                    10.206757464803172,
                    13.667023286734258
                ],
                [
                    7.848844419996056,
                    4.071920382125074,
                    4.26647373910667,
                    6.810374516344791
                ],
                [
                    10.206757464803172,
                    4.26647373910667,
                    3.691335621456966,
                    5.02593170469677
                ],
                [
                    13.667023286734258,
                    6.810374516344791,
                    5.02593170469677,
                    4.455306192897327
                ]
            ],
            "median": [
                [
                    1.672009540052088,
                    8.494928046796884,
                    10.485132608452343,
                    14.633777810677165
                ],
                [
                    8.494928046796884,
                    4.086759644157736,
                    3.8226063574898577,
                    6.764984122133139
                ],
                [
                    10.485132608452343,
                    3.8226063574898577,
                    3.2165549043836137,
                    4.615376864864268
                ],
                [
                    14.633777810677165,
                    6.764984122133139,
                    4.615376864864268,
                    3.1430768574651387
                ]
            ],
            "std": [
                [
                    1.672009540052088,
                    2.2949414234571432,
                    2.295783486922774,
                    2.663670844379881
                ],
                [
                    8.494928046796884,
                    4.086759644157736,
                    1.9492468953708504,
                    2.651595073096604
                ],
                [
                    10.485132608452343,
                    3.8226063574898577,
                    3.2165549043836137,
                    1.9282201650627249
                ],
                [
                    14.633777810677165,
                    6.764984122133139,
                    4.615376864864268,
                    3.1430768574651387
                ]
            ]
        },
        "3": {
            "unitary": 1,
            "set": 3,
            "mean": [
                [
                    2.6348332991051544,
                    7.8412172238195845,
                    10.606747978792647,
                    13.834507960518977
                ],
                [
                    7.8412172238195845,
                    3.9659502984301525,
                    4.268989814671376,
                    6.9040003812278705
                ],
                [
                    10.606747978792647,
                    4.268989814671376,
                    3.786042862710869,
                    4.763203328542858
                ],
                [
                    13.834507960518977,
                    6.9040003812278705,
                    4.763203328542858,
                    4.595491677268676
                ]
            ],
            "median": [
                [
                    2.4284294807247746,
                    8.585506632196644,
                    10.934712255589229,
                    15.053692023762224
                ],
                [
                    8.585506632196644,
                    3.8751596193806037,
                    4.097364657840201,
                    6.8560669570177
                ],
                [
                    10.934712255589229,
                    4.097364657840201,
                    3.336858094279283,
                    4.747189681380389
                ],
                [
                    15.053692023762224,
                    6.8560669570177,
                    4.747189681380389,
                    3.643361534507454
                ]
            ],
            "std": [
                [
                    2.4284294807247746,
                    2.464217706885181,
                    2.587719058075158,
                    2.986877570681598
                ],
                [
                    8.585506632196644,
                    3.8751596193806037,
                    2.256146242161395,
                    2.903915210245283
                ],
                [
                    10.934712255589229,
                    4.097364657840201,
                    3.336858094279283,
                    2.201009883553319
                ],
                [
                    15.053692023762224,
                    6.8560669570177,
                    4.747189681380389,
                    3.643361534507454
                ]
            ]
        },
        "4": {
            "unitary": 1,
            "set": 4,
            "mean": [
                [
                    2.15387220449687,
                    7.797378688644996,
                    10.451680221795915,
                    13.577692173821218
                ],
                [
                    7.797378688644996,
                    3.753151728658036,
                    4.502203369358298,
                    6.660112187577636
                ],
                [
                    10.451680221795915,
                    4.502203369358298,
                    4.2710844201344385,
                    4.844894206766336
                ],
                [
                    13.577692173821218,
                    6.660112187577636,
                    4.844894206766336,
                    4.11705184732449
                ]
            ],
            "median": [
                [
                    1.975914955110405,
                    8.337718039432765,
                    10.907309385545808,
                    14.523666355688157
                ],
                [
                    8.337718039432765,
                    4.050334991390001,
                    4.4394687077892545,
                    6.8933966334642545
                ],
                [
                    10.907309385545808,
                    4.4394687077892545,
                    4.322093011100308,
                    4.693853474199586
                ],
                [
                    14.523666355688157,
                    6.8933966334642545,
                    4.693853474199586,
                    2.526342509842424
                ]
            ],
            "std": [
                [
                    1.975914955110405,
                    2.1139984138105707,
                    2.4162724439779693,
                    2.8371519840470647
                ],
                [
                    8.337718039432765,
                    4.050334991390001,
                    2.1049383758156557,
                    2.865915597708517
                ],
                [
                    10.907309385545808,
                    4.4394687077892545,
                    4.322093011100308,
                    2.1933172723340464
                ],
                [
                    14.523666355688157,
                    6.8933966334642545,
                    4.693853474199586,
                    2.526342509842424
                ]
            ]
        },
        "all": {
            "mean": [
                [
                    2.179228245085396,
                    7.7446687970873445,
                    10.40105308454589,
                    13.70521948468931
                ],
                [
                    7.7446687970873445,
                    3.97235197316508,
                    4.315443799965661,
                    6.872968449277709
                ],
                [
                    10.40105308454589,
                    4.315443799965661,
                    3.81490452566006,
                    4.851423413779924
                ],
                [
                    13.70521948468931,
                    6.872968449277709,
                    4.851423413779924,
                    4.373484640491819
                ]
            ],
            "median": [
                [
                    2.0266829581759724,
                    8.3383722095875,
                    10.564764266497813,
                    14.678998134247419
                ],
                [
                    8.3383722095875,
                    4.394593663442235,
                    4.097364657840201,
                    6.798685990149483
                ],
                [
                    10.564764266497813,
                    4.097364657840201,
                    3.560466067252474,
                    4.693853474199586
                ],
                [
                    14.678998134247419,
                    6.798685990149483,
                    4.693853474199586,
                    2.917815798615167
                ]
            ],
            "std": [
                [
                    0.7269235935420905,
                    2.339106377211635,
                    2.4056730085121485,
                    2.8262716092228084
                ],
                [
                    2.339106377211635,
                    1.5554757030720185,
                    2.1373273112578137,
                    2.82495818241568
                ],
                [
                    2.4056730085121485,
                    2.1373273112578137,
                    1.376755510636372,
                    2.1077824723995144
                ],
                [
                    2.8262716092228084,
                    2.82495818241568,
                    2.1077824723995144,
                    2.3542698742675134
                ]
            ]
        }
    },
    "2": {
        "0": {
            "unitary": 2,
            "set": 0,
            "mean": [
                [
                    3.610897146577652,
                    7.601772876311877,
                    10.222471737310311,
                    15.468672680032618
                ],
                [
                    7.601772876311877,
                    5.729611999793126,
                    5.062195210413638,
                    8.8822201068406
                ],
                [
                    10.222471737310311,
                    5.062195210413638,
                    3.9445644529261217,
                    6.2152179733143615
                ],
                [
                    15.468672680032618,
                    8.8822201068406,
                    6.2152179733143615,
                    3.8069775146536644
                ]
            ],
            "median": [
                [
                    3.384350850503819,
                    7.788894335402977,
                    9.775433837836651,
                    15.126434171054722
                ],
                [
                    7.788894335402977,
                    5.614215619825033,
                    4.478636957647643,
                    8.695108108121172
                ],
                [
                    9.775433837836651,
                    4.478636957647643,
                    4.317689227272939,
                    6.079397917281153
                ],
                [
                    15.126434171054722,
                    8.695108108121172,
                    6.079397917281153,
                    3.484041649964836
                ]
            ],
            "std": [
                [
                    3.384350850503819,
                    3.420855630233964,
                    2.75108955189091,
                    3.0765357907620166
                ],
                [
                    7.788894335402977,
                    5.614215619825033,
                    2.6935525576973056,
                    4.21152374530423
                ],
                [
                    9.775433837836651,
                    4.478636957647643,
                    4.317689227272939,
                    2.6873033544061324
                ],
                [
                    15.126434171054722,
                    8.695108108121172,
                    6.079397917281153,
                    3.484041649964836
                ]
            ]
        },
        "1": {
            "unitary": 2,
            "set": 1,
            "mean": [
                [
                    3.3606813113635,
                    7.414326363860734,
                    10.104575984323688,
                    15.47439332825821
                ],
                [
                    7.414326363860734,
                    5.682290700129262,
                    5.001082355427428,
                    8.885038347663528
                ],
                [
                    10.104575984323688,
                    5.001082355427428,
                    4.066794653314027,
                    6.397834601135022
                ],
                [
                    15.47439332825821,
                    8.885038347663528,
                    6.397834601135022,
                    3.9817856084478533
                ]
            ],
            "median": [
                [
                    3.2062384177944234,
                    7.548410020915332,
                    10.108676655637819,
                    14.731351810503007
                ],
                [
                    7.548410020915332,
                    5.091510375936026,
                    4.785563115085262,
                    9.050001033109993
                ],
                [
                    10.108676655637819,
                    4.785563115085262,
                    4.297399967954485,
                    5.944868604467711
                ],
                [
                    14.731351810503007,
                    9.050001033109993,
                    5.944868604467711,
                    3.887068007341768
                ]
            ],
            "std": [
                [
                    3.2062384177944234,
                    3.5127077545967937,
                    2.391197490831471,
                    2.792334553608591
                ],
                [
                    7.548410020915332,
                    5.091510375936026,
                    2.4624883964361417,
                    4.030555019746247
                ],
                [
                    10.108676655637819,
                    4.785563115085262,
                    4.297399967954485,
                    2.595385475891187
                ],
                [
                    14.731351810503007,
                    9.050001033109993,
                    5.944868604467711,
                    3.887068007341768
                ]
            ]
        },
        "2": {
            "unitary": 2,
            "set": 2,
            "mean": [
                [
                    3.3749656281578453,
                    7.673129106545271,
                    9.993366649804177,
                    15.506963320823434
                ],
                [
                    7.673129106545271,
                    5.605913058654915,
                    4.85118758331162,
                    8.70424547790048
                ],
                [
                    9.993366649804177,
                    4.85118758331162,
                    4.1799223634571145,
                    6.582154845604732
                ],
                [
                    15.506963320823434,
                    8.70424547790048,
                    6.582154845604732,
                    4.07703938088807
                ]
            ],
            "median": [
                [
                    3.596288199464465,
                    7.889212922256468,
                    9.843418993502056,
                    14.967323048674764
                ],
                [
                    7.889212922256468,
                    5.524190217591386,
                    4.757055397109096,
                    8.505522830463367
                ],
                [
                    9.843418993502056,
                    4.757055397109096,
                    4.939017446814346,
                    6.361027680564401
                ],
                [
                    14.967323048674764,
                    8.505522830463367,
                    6.361027680564401,
                    3.757848649645892
                ]
            ],
            "std": [
                [
                    3.596288199464465,
                    3.611028003587358,
                    2.731086727627002,
                    2.825834680466321
                ],
                [
                    7.889212922256468,
                    5.524190217591386,
                    2.7087968012839356,
                    4.114554787178658
                ],
                [
                    9.843418993502056,
                    4.757055397109096,
                    4.939017446814346,
                    2.6545585284522413
                ],
                [
                    14.967323048674764,
                    8.505522830463367,
                    6.361027680564401,
                    3.757848649645892
                ]
            ]
        },
        "3": {
            "unitary": 2,
            "set": 3,
            "mean": [
                [
                    3.4441232664349855,
                    7.564529183759927,
                    10.048476132985382,
                    15.202538654891692
                ],
                [
                    7.564529183759927,
                    5.635623414470422,
                    4.865080007599675,
                    8.534069516291966
                ],
                [
                    10.048476132985382,
                    4.865080007599675,
                    4.0933838695526195,
                    6.089388544647356
                ],
                [
                    15.202538654891692,
                    8.534069516291966,
                    6.089388544647356,
                    3.917931692794164
                ]
            ],
            "median": [
                [
                    3.607679773989913,
                    7.865691409848901,
                    9.957786901014742,
                    14.884431254686607
                ],
                [
                    7.865691409848901,
                    5.527734057046077,
                    5.035317366644751,
                    8.11671752554144
                ],
                [
                    9.957786901014742,
                    5.035317366644751,
                    4.484764993205672,
                    5.65602294098313
                ],
                [
                    14.884431254686607,
                    8.11671752554144,
                    5.65602294098313,
                    3.7280485377717865
                ]
            ],
            "std": [
                [
                    3.607679773989913,
                    3.5825989999789334,
                    2.6762732063254653,
                    2.9112864314333864
                ],
                [
                    7.865691409848901,
                    5.527734057046077,
                    2.7396286048611964,
                    4.1210929630810345
                ],
                [
                    9.957786901014742,
                    5.035317366644751,
