{
    "info": "results are matrices of values, lines and columns correspond to Schmidt rank, i.e. [1,2,3,4]. Distances between same schmid ranks only take distances between different runs of same qubit count into account.",
    "metric": "wasserstein",
    "homology dimension": 1,
    "transformed": "transformed_50_100",
    "0": {
        "0": {
            "unitary": 0,
            "set": 0,
            "mean": [
                [
                    2.057709416285058,
                    3.274043519443446,
                    7.917630423042385,
                    9.383559862843832
                ],
                [
                    3.274043519443446,
                    3.799270016912611,
                    6.545380748869078,
                    7.9985723388123775
                ],
                [
                    7.917630423042385,
                    6.545380748869078,
                    2.771206758951716,
                    2.9041014874503155
                ],
                [
                    9.383559862843832,
                    7.9985723388123775,
                    2.9041014874503155,
                    2.2888086594156105
                ]
            ],
            "median": [
                [
                    1.9474561538590267,
                    2.9139330788909845,
                    8.221851996699158,
                    9.671492355725203
                ],
                [
                    2.9139330788909845,
                    3.7293129439990076,
                    7.30038646055947,
                    8.441606750434115
                ],
                [
                    8.221851996699158,
                    7.30038646055947,
                    2.4522203307573918,
                    2.5893419293602595
                ],
                [
                    9.671492355725203,
                    8.441606750434115,
                    2.5893419293602595,
                    2.00540246943797
                ]
            ],
            "std": [
                [
                    1.9474561538590267,
                    1.2231411420973326,
                    1.2569629784521963,
                    0.9139755388004885
                ],
                [
                    2.9139330788909845,
                    3.7293129439990076,
                    1.9110099826836624,
                    1.7973212771298561
                ],
                [
                    8.221851996699158,
                    7.30038646055947,
                    2.4522203307573918,
                    1.0209833626837412
                ],
                [
                    9.671492355725203,
                    8.441606750434115,
                    2.5893419293602595,
                    2.00540246943797
                ]
            ]
        },
        "1": {
            "unitary": 0,
            "set": 1,
            "mean": [
                [
                    2.064494090537754,
                    3.3972628022756184,
                    7.7389192173747166,
                    9.352940416079353
                ],
                [
                    3.3972628022756184,
                    3.849699682337969,
                    6.252255603270267,
                    7.844384893551382
                ],
                [
                    7.7389192173747166,
                    6.252255603270267,
                    2.9880412664298364,
                    3.082439151046553
                ],
                [
                    9.352940416079353,
                    7.844384893551382,
                    3.082439151046553,
                    2.32339233241182
                ]
            ],
            "median": [
                [
                    1.9647533979952692,
                    3.045935572400632,
                    8.168153767402092,
                    9.291400808423761
                ],
                [
                    3.045935572400632,
                    3.612904825490322,
                    6.911068793688258,
                    8.274265048008239
                ],
                [
                    8.168153767402092,
                    6.911068793688258,
                    2.5181455297589266,
                    2.596574375344361
                ],
                [
                    9.291400808423761,
                    8.274265048008239,
                    2.596574375344361,
                    2.2314361940751395
                ]
            ],
            "std": [
                [
                    1.9647533979952692,
                    1.2178010076132522,
                    1.3961542471873853,
                    0.9205917219137465
                ],
                [
                    3.045935572400632,
                    3.612904825490322,
                    1.9381263725718283,
                    1.7502273379360844
                ],
                [
                    8.168153767402092,
                    6.911068793688258,
                    2.5181455297589266,
                    1.1465913552018947
                ],
                [
                    9.291400808423761,
                    8.274265048008239,
                    2.596574375344361,
                    2.2314361940751395
                ]
            ]
        },
        "2": {
            "unitary": 0,
            "set": 2,
            "mean": [
                [
                    2.0249099311826533,
                    3.410765140404398,
                    7.845652648606412,
                    9.311114403530329
                ],
                [
                    3.410765140404398,
                    3.8737861861601943,
                    6.319785855791956,
                    7.752469064425854
                ],
                [
                    7.845652648606412,
                    6.319785855791956,
                    2.925599262840201,
                    2.973447037192782
                ],
                [
                    9.311114403530329,
                    7.752469064425854,
                    2.973447037192782,
                    2.3078842780203614
                ]
            ],
            "median": [
                [
                    1.9096991521439497,
                    2.9190376030796905,
                    8.221668173745986,
                    9.425643053396023
                ],
                [
                    2.9190376030796905,
                    3.8080773268626498,
                    6.727004116368539,
                    8.128246202659046
                ],
                [
                    8.221668173745986,
                    6.727004116368539,
                    2.7805833614945277,
                    2.7923078866808844
                ],
                [
                    9.425643053396023,
                    8.128246202659046,
                    2.7923078866808844,
                    2.1328895332120092
                ]
            ],
            "std": [
                [
                    1.9096991521439497,
                    1.3156050030353217,
                    1.197859326790433,
                    0.9166225370310445
                ],
                [
                    2.9190376030796905,
                    3.8080773268626498,
                    1.841686527227203,
                    1.7782887457141556
                ],
                [
                    8.221668173745986,
                    6.727004116368539,
                    2.7805833614945277,
                    1.0178103064196042
                ],
                [
                    9.425643053396023,
                    8.128246202659046,
                    2.7923078866808844,
                    2.1328895332120092
                ]
            ]
        },
        "3": {
            "unitary": 0,
            "set": 3,
            "mean": [
                [
                    1.928551520529301,
                    3.4974519387948884,
                    7.990403058436064,
                    9.517343374739225
                ],
                [
                    3.4974519387948884,
                    3.842537128914684,
                    6.365147983221305,
                    7.845242544757477
                ],
                [
                    7.990403058436064,
                    6.365147983221305,
                    2.997956343215681,
                    3.008076005968005
                ],
                [
                    9.517343374739225,
                    7.845242544757477,
                    3.008076005968005,
                    2.3298434388779983
                ]
            ],
            "median": [
                [
                    1.811208398066315,
                    2.986639043380277,
                    8.452038551116921,
                    9.653395145218706
                ],
                [
                    2.986639043380277,
                    3.600305318283187,
                    6.997959254653599,
                    8.304789386410922
                ],
                [
                    8.452038551116921,
                    6.997959254653599,
                    2.6038075020687943,
                    2.519230024519976
                ],
                [
                    9.653395145218706,
                    8.304789386410922,
                    2.519230024519976,
                    2.0108950197631725
                ]
            ],
            "std": [
                [
                    1.811208398066315,
                    1.3053837631568153,
                    1.3533588475558533,
                    0.802070110949855
                ],
                [
                    2.986639043380277,
                    3.600305318283187,
                    1.871753696330153,
                    1.6971557138861038
                ],
                [
                    8.452038551116921,
                    6.997959254653599,
                    2.6038075020687943,
                    1.1684879865643938
                ],
                [
                    9.653395145218706,
                    8.304789386410922,
                    2.519230024519976,
                    2.0108950197631725
                ]
            ]
        },
        "4": {
            "unitary": 0,
            "set": 4,
            "mean": [
                [
                    1.8895181685086961,
                    3.299900520831924,
                    7.757752957130005,
                    9.509089191422088
                ],
                [
                    3.299900520831924,
                    3.7877889152261814,
                    6.362564654673843,
                    8.055459048576203
                ],
                [
                    7.757752957130005,
                    6.362564654673843,
                    3.0673171855987134,
                    3.1794610974067803
                ],
                [
                    9.509089191422088,
                    8.055459048576203,
                    3.1794610974067803,
                    2.3615374166764824
                ]
            ],
            "median": [
                [
                    1.8248794193729574,
                    2.8773706464833015,
                    8.173988206706278,
                    9.743112627873217
                ],
                [
                    2.8773706464833015,
                    3.758680686761366,
                    7.1610877096066865,
                    8.494699741414582
                ],
                [
                    8.173988206706278,
                    7.1610877096066865,
                    2.63496003957548,
                    2.673115120362861
                ],
                [
                    9.743112627873217,
                    8.494699741414582,
                    2.673115120362861,
                    2.016896267673528
                ]
            ],
            "std": [
                [
                    1.8248794193729574,
                    1.2490165292030455,
                    1.409121368769477,
                    0.8944059016543052
                ],
                [
                    2.8773706464833015,
                    3.758680686761366,
                    1.9129589273095682,
                    1.735376983803543
                ],
                [
                    8.173988206706278,
                    7.1610877096066865,
                    2.63496003957548,
                    1.2500708580779352
                ],
                [
                    9.743112627873217,
                    8.494699741414582,
                    2.673115120362861,
                    2.016896267673528
                ]
            ]
        },
        "all": {
            "mean": [
                [
                    1.9930366254086922,
                    3.375884784350055,
                    7.8500716609179175,
                    9.414809449722965
                ],
                [
                    3.375884784350055,
                    3.8306163859103277,
                    6.36902696916529,
                    7.899225578024659
                ],
                [
                    7.8500716609179175,
                    6.36902696916529,
                    2.9500241634072295,
                    3.0295049558128877
                ],
                [
                    9.414809449722965,
                    7.899225578024659,
                    3.0295049558128877,
                    2.322293225080455
                ]
            ],
            "median": [
                [
                    1.8902432000797145,
                    2.93810211463708,
                    8.223729209511951,
                    9.609373000827762
                ],
                [
                    2.93810211463708,
                    3.612904825490322,
                    6.9164850832140745,
                    8.389849454424503
                ],
                [
                    8.223729209511951,
                    6.9164850832140745,
                    2.557107709442228,
                    2.617537918544216
                ],
                [
                    9.609373000827762,
                    8.389849454424503,
                    2.617537918544216,
                    2.030905886201799
                ]
            ],
            "std": [
                [
                    0.35519675847738,
                    1.2654324647685744,
                    1.3286404332257689,
                    0.8945696743408251
                ],
                [
                    1.2654324647685744,
                    1.1909803296701158,
                    1.8979037759928608,
                    1.7555386058383893
                ],
                [
                    1.3286404332257689,
                    1.8979037759928608,
                    0.9468081490756122,
                    1.1283327967360783
                ],
                [
                    0.8945696743408251,
                    1.7555386058383893,
                    1.1283327967360783,
                    0.5604986370918487
                ]
            ]
        }
    },
    "1": {
        "0": {
            "unitary": 1,
            "set": 0,
            "mean": [
                [
                    2.4168408427352466,
                    5.689272822934793,
                    7.315718146551186,
                    9.338572750323577
                ],
                [
                    5.689272822934793,
                    3.102468630482497,
                    3.5221821549324166,
                    5.298706327757292
                ],
                [
                    7.315718146551186,
                    3.5221821549324166,
                    3.234436194451777,
                    3.8726082047461343
                ],
                [
                    9.338572750323577,
                    5.298706327757292,
                    3.8726082047461343,
                    3.661130430077892
                ]
            ],
            "median": [
                [
                    2.2323692231402683,
                    6.267409590812303,
                    7.3421420151599905,
                    10.207242786132252
                ],
                [
                    6.267409590812303,
                    2.7175322400085626,
                    3.0500169818788123,
                    5.348796116468824
                ],
                [
                    7.3421420151599905,
                    3.0500169818788123,
                    3.019509448433076,
                    4.013994285220271
                ],
                [
                    10.207242786132252,
                    5.348796116468824,
                    4.013994285220271,
                    2.8273489484103402
                ]
            ],
            "std": [
                [
                    2.2323692231402683,
                    1.553745270012808,
                    1.6434187026494051,
                    1.8309710323069612
                ],
                [
                    6.267409590812303,
                    2.7175322400085626,
                    1.4667390117241101,
                    1.909527740229149
                ],
                [
                    7.3421420151599905,
                    3.0500169818788123,
                    3.019509448433076,
                    1.47306363773882
                ],
                [
                    10.207242786132252,
                    5.348796116468824,
                    4.013994285220271,
                    2.8273489484103402
                ]
            ]
        },
        "1": {
            "unitary": 1,
            "set": 1,
            "mean": [
                [
                    2.3737841382051297,
                    5.658581429932564,
                    7.158279818843332,
                    9.149155769513577
                ],
                [
                    5.658581429932564,
                    3.042594135930062,
                    3.3434467104818326,
                    5.027018266822531
                ],
                [
                    7.158279818843332,
                    3.3434467104818326,
                    3.10719281771816,
                    3.7420771258763335
                ],
                [
                    9.149155769513577,
                    5.027018266822531,
                    3.7420771258763335,
                    3.54594048954118
                ]
            ],
            "median": [
                [
                    2.2350738925028097,
                    6.084495573433859,
                    7.26098003950003,
                    9.491906404982872
                ],
                [
                    6.084495573433859,
                    2.478138252836846,
                    2.9924008759255534,
                    5.101000830452142
                ],
                [
                    7.26098003950003,
                    2.9924008759255534,
                    2.947810325130216,
                    3.690264415510363
                ],
                [
                    9.491906404982872,
                    5.101000830452142,
                    3.690264415510363,
                    2.927611105970578
                ]
            ],
            "std": [
                [
                    2.2350738925028097,
                    1.6652020897044315,
                    1.6481329051614806,
                    1.7863062209703717
                ],
                [
                    6.084495573433859,
                    2.478138252836846,
                    1.4426881216804321,
                    1.8822347426649402
                ],
                [
                    7.26098003950003,
                    2.9924008759255534,
                    2.947810325130216,
                    1.3831285055875482
                ],
                [
                    9.491906404982872,
                    5.101000830452142,
                    3.690264415510363,
                    2.927611105970578
                ]
            ]
        },
        "2": {
            "unitary": 1,
            "set": 2,
            "mean": [
                [
                    2.378363402466475,
                    5.787752125346469,
                    7.522906498837147,
                    9.430217531507658
                ],
                [
                    5.787752125346469,
                    3.2170938502312416,
                    3.610235043481535,
                    5.411196122508988
                ],
                [
                    7.522906498837147,
                    3.610235043481535,
                    3.254313895501659,
                    3.9837668652408245
                ],
                [
                    9.430217531507658,
                    5.411196122508988,
                    3.9837668652408245,
                    3.9753991101382495
                ]
            ],
            "median": [
                [
                    2.1115035252730987,
                    6.231581048306491,
                    7.601762270262956,
                    10.053372847121462
                ],
                [
                    6.231581048306491,
                    2.880890568767296,
                    3.4194088741352555,
                    5.506873844111824
                ],
                [
                    7.601762270262956,
                    3.4194088741352555,
                    3.0707854741473932,
                    3.9839173350624475
                ],
                [
                    10.053372847121462,
                    5.506873844111824,
                    3.9839173350624475,
                    3.2739585652003513
                ]
            ],
            "std": [
                [
                    2.1115035252730987,
                    1.604715688798936,
                    1.6579687388759772,
                    1.9025305701484494
                ],
                [
                    6.231581048306491,
                    2.880890568767296,
                    1.5161511523288325,
                    1.934880989813254
                ],
                [
                    7.601762270262956,
                    3.4194088741352555,
                    3.0707854741473932,
                    1.4321887526767247
                ],
                [
                    10.053372847121462,
                    5.506873844111824,
                    3.9839173350624475,
                    3.2739585652003513
                ]
            ]
        },
        "3": {
            "unitary": 1,
            "set": 3,
            "mean": [
                [
                    2.417637896523442,
                    6.099840245387149,
                    7.671449028423741,
                    9.636705181488264
                ],
                [
                    6.099840245387149,
                    3.1411850415926623,
                    3.6159560781599125,
                    5.31244896313832
                ],
                [
                    7.671449028423741,
                    3.6159560781599125,
                    3.3466942061930043,
                    3.937333590520329
                ],
                [
                    9.636705181488264,
                    5.31244896313832,
                    3.937333590520329,
                    3.843387905825016
                ]
            ],
            "median": [
                [
                    2.2396765105357455,
                    6.514307948296346,
                    7.8814521954644015,
                    10.257880345299125
                ],
                [
                    6.514307948296346,
                    2.664713008232916,
                    3.095946731649739,
                    5.411444019964804
                ],
                [
                    7.8814521954644015,
                    3.095946731649739,
                    3.13202522319433,
                    4.022358461936824
                ],
                [
                    10.257880345299125,
                    5.411444019964804,
                    4.022358461936824,
                    3.2483487136802243
                ]
            ],
            "std": [
                [
                    2.2396765105357455,
                    1.5793894628191547,
                    1.7211461497692524,
                    1.8706802531965658
                ],
                [
                    6.514307948296346,
                    2.664713008232916,
                    1.4853867089355457,
                    1.9267969490196146
                ],
                [
                    7.8814521954644015,
                    3.095946731649739,
                    3.13202522319433,
                    1.4759319538995355
                ],
                [
                    10.257880345299125,
                    5.411444019964804,
                    4.022358461936824,
                    3.2483487136802243
                ]
            ]
        },
        "4": {
            "unitary": 1,
            "set": 4,
            "mean": [
                [
                    2.4306871814591706,
                    5.78856480008223,
                    7.436086745631115,
                    9.219874565553601
                ],
                [
                    5.78856480008223,
                    2.998806888261233,
                    3.5127366299385967,
                    5.0969255069778
                ],
                [
                    7.436086745631115,
                    3.5127366299385967,
                    3.3711595838032222,
                    3.864117430800006
                ],
                [
                    9.219874565553601,
                    5.0969255069778,
                    3.864117430800006,
                    3.7021607677418444
                ]
            ],
            "median": [
                [
                    2.2187692356086597,
                    6.2362556504680935,
                    7.534853411796185,
                    9.781307362092573
                ],
                [
                    6.2362556504680935,
                    2.749330939337238,
                    3.0509690253676522,
                    5.199534114793077
                ],
                [
                    7.534853411796185,
                    3.0509690253676522,
                    3.0713020001429423,
                    3.910799509865212
                ],
                [
                    9.781307362092573,
                    5.199534114793077,
                    3.910799509865212,
                    2.8925988210719673
                ]
            ],
            "std": [
                [
                    2.2187692356086597,
                    1.5592858658267423,
                    1.6823434636160564,
                    1.8201731767300338
                ],
                [
                    6.2362556504680935,
                    2.749330939337238,
                    1.4546753238166328,
                    1.8000043437947997
                ],
                [
                    7.534853411796185,
                    3.0509690253676522,
                    3.0713020001429423,
                    1.4301091715667706
                ],
                [
                    9.781307362092573,
                    5.199534114793077,
                    3.910799509865212,
                    2.8925988210719673
                ]
            ]
        },
        "all": {
            "mean": [
                [
                    2.4034626922778926,
                    5.804802284736641,
                    7.420888047657303,
                    9.354905159677335
                ],
                [
                    5.804802284736641,
                    3.100429709299539,
                    3.5209113233988583,
                    5.229259037440986
                ],
                [
                    7.420888047657303,
                    3.5209113233988583,
                    3.262759339533565,
                    3.8799806434367254
                ],
                [
                    9.354905159677335,
                    5.229259037440986,
                    3.8799806434367254,
                    3.745603740664836
                ]
            ],
            "median": [
                [
                    2.206804805781723,
                    6.231581048306491,
                    7.534853411796185,
                    9.974518011421596
                ],
                [
                    6.231581048306491,
                    2.7024661724084087,
                    3.1258872445948023,
                    5.302332809226369
                ],
                [
                    7.534853411796185,
                    3.1258872445948023,
                    3.0206729440639917,
                    3.928336890797164
                ],
                [
                    9.974518011421596,
                    5.302332809226369,
                    3.928336890797164,
                    3.0265368936582755
                ]
            ],
            "std": [
                [
                    0.5946046967732597,
                    1.6006440984268588,
                    1.6800056191956276,
                    1.8504787724100993
                ],
                [
                    1.6006440984268588,
                    1.0332405422796864,
                    1.476645861153135,
                    1.8967703323148957
                ],
                [
                    1.6800056191956276,
                    1.476645861153135,
                    1.0250344376155838,
                    1.4416030838709006
                ],
                [
                    1.8504787724100993,
                    1.8967703323148957,
                    1.4416030838709006,
                    1.5319550120701482
                ]
            ]
        }
    },
    "2": {
        "0": {
            "unitary": 2,
            "set": 0,
            "mean": [
                [
                    3.4348946774349955,
                    5.900336888255652,
                    7.5387586519334135,
                    10.352287577693335
                ],
                [
                    5.900336888255652,
                    4.391257755744576,
                    3.779229052139557,
                    6.452467348294619
                ],
                [
                    7.5387586519334135,
                    3.779229052139557,
                    2.7641982500306987,
                    4.960540775399292
                ],
                [
                    10.352287577693335,
                    6.452467348294619,
                    4.960540775399292,
                    3.3732607724616743
                ]
            ],
            "median": [
                [
                    3.6137852953555085,
                    6.351277732090534,
                    7.431150301347157,
                    10.711503636869413
                ],
                [
                    6.351277732090534,
                    4.207752252062277,
                    3.624831075522101,
                    6.526264981359025
                ],
                [
                    7.431150301347157,
                    3.624831075522101,
                    2.6097331912675834,
                    4.860505311856038
                ],
                [
                    10.711503636869413,
                    6.526264981359025,
                    4.860505311856038,
                    3.4207871147776228
                ]
            ],
            "std": [
                [
                    3.6137852953555085,
                    2.436928639812739,
                    1.7215617931792484,
                    1.5453904302682306
                ],
                [
                    6.351277732090534,
                    4.207752252062277,
                    1.6829578377347094,
                    2.468857348110961
                ],
                [
                    7.431150301347157,
                    3.624831075522101,
                    2.6097331912675834,
                    1.4383438114089557
                ],
                [
                    10.711503636869413,
                    6.526264981359025,
                    4.860505311856038,
                    3.4207871147776228
                ]
            ]
        },
        "1": {
            "unitary": 2,
            "set": 1,
            "mean": [
                [
                    3.298917724822041,
                    5.777985413873104,
                    7.50603077294412,
                    10.218498159206106
                ],
                [
                    5.777985413873104,
                    4.597834632382754,
                    4.000986955651557,
                    6.516849183492939
                ],
                [
                    7.50603077294412,
                    4.000986955651557,
                    3.000302597996457,
                    5.028254553902119
                ],
                [
                    10.218498159206106,
                    6.516849183492939,
                    5.028254553902119,
                    3.382310630140631
                ]
            ],
            "median": [
                [
                    3.577254789618218,
                    6.5489617568306056,
                    7.365813955138714,
                    10.315355095087
                ],
                [
                    6.5489617568306056,
                    4.341539017295041,
                    3.9964607959062772,
                    6.713854419699152
                ],
                [
                    7.365813955138714,
                    3.9964607959062772,
                    3.1516335017419297,
                    4.990810740515586
                ],
                [
                    10.315355095087,
                    6.713854419699152,
                    4.990810740515586,
                    3.4288552861896635
                ]
            ],
            "std": [
                [
                    3.577254789618218,
                    2.406965953467324,
                    1.643530066469882,
                    1.456837972054903
                ],
                [
                    6.5489617568306056,
                    4.341539017295041,
                    1.7175016368395533,
                    2.498142423722463
                ],
                [
                    7.365813955138714,
                    3.9964607959062772,
                    3.1516335017419297,
                    1.5192949674303926
                ],
                [
                    10.315355095087,
                    6.713854419699152,
                    4.990810740515586,
                    3.4288552861896635
                ]
            ]
        },
        "2": {
            "unitary": 2,
            "set": 2,
            "mean": [
                [
                    3.178267043946351,
                    5.75217365651053,
                    7.584991740547247,
                    10.55977082096576
                ],
                [
                    5.75217365651053,
                    4.280362600675632,
                    3.8511056326299986,
                    6.720353605446685
                ],
                [
                    7.584991740547247,
                    3.8511056326299986,
                    2.8999960457730123,
                    5.083475155761348
                ],
                [
                    10.55977082096576,
                    6.720353605446685,
                    5.083475155761348,
                    3.4147061477255987
                ]
            ],
            "median": [
                [
                    3.1529886761920656,
                    6.310815284130196,
                    7.487450865703998,
                    10.587138103783097
                ],
                [
                    6.310815284130196,
                    4.098006197412866,
                    3.7854737499696274,
                    6.788649014809481
                ],
                [
                    7.487450865703998,
                    3.7854737499696274,
                    3.026532506226398,
                    5.109371676422402
                ],
                [
                    10.587138103783097,
                    6.788649014809481,
                    5.109371676422402,
                    3.4679965263568553
                ]
            ],
            "std": [
                [
                    3.1529886761920656,
                    2.367716172486869,
                    1.5561158037315757,
                    1.494075726099431
                ],
                [
                    6.310815284130196,
                    4.098006197412866,
                    1.7346316976548284,
                    2.4429471423687406
                ],
                [
                    7.487450865703998,
                    3.7854737499696274,
                    3.026532506226398,
                    1.4661939966251247
                ],
                [
                    10.587138103783097,
                    6.788649014809481,
                    5.109371676422402,
                    3.4679965263568553
                ]
            ]
        },
        "3": {
            "unitary": 2,
            "set": 3,
            "mean": [
                [
                    3.456938620585852,
                    6.02078660263042,
                    7.628598651611466,
                    10.500152116355762
                ],
                [
                    6.02078660263042,
                    4.580567791432417,
                    3.882491065068334,
                    6.6127534403832415
                ],
                [
                    7.628598651611466,
                    3.882491065068334,
                    2.792716616250167,
                    5.049167775893925
                ],
                [
                    10.500152116355762,
                    6.6127534403832415,
                    5.049167775893925,
                    3.373647913747083
                ]
            ],
            "median": [
                [
                    3.5322673492726127,
                    6.429323780108549,
                    7.378205969128166,
                    10.630520813546012
                ],
                [
                    6.429323780108549,
                    4.31182492765854,
                    3.990841525342271,
                    6.709552540232927
                ],
                [
                    7.378205969128166,
                    3.990841525342271,
                    2.8177605403646164,
                    5.077471449945236
                ],
                [
                    10.630520813546012,
                    6.709552540232927,
                    5.077471449945236,
                    3.5559456438910817
                ]
            ],
            "std": [
                [
                    3.5322673492726127,
                    2.4513909270020964,
                    1.6180355594476412,
                    1.52114975257541
                ],
                [
                    6.429323780108549,
                    4.31182492765854,
                    1.7067450574335268,
                    2.4978166505244017
                ],
                [
                    7.378205969128166,
