{
    "info": "results are matrices of values, lines and columns correspond to Schmidt rank, i.e. [1,2,3,4]. Distances between same schmid ranks only take distances between different runs of same qubit count into account.",
    "metric": "wasserstein",
    "homology dimension": 1,
    "transformed": "not_transformed",
    "0": {
        "0": {
            "unitary": 0,
            "set": 0,
            "mean": [
                [
                    0.3773503327932711,
                    0.37521360408038346,
                    0.368142342184646,
                    0.37101281809010817
                ],
                [
                    0.37521360408038346,
                    0.36890371456132426,
                    0.34725583347112143,
                    0.3473516912899465
                ],
                [
                    0.368142342184646,
                    0.34725583347112143,
                    0.2737339110453361,
                    0.25344432951992557
                ],
                [
                    0.37101281809010817,
                    0.3473516912899465,
                    0.25344432951992557,
                    0.22070397464327432
                ]
            ],
            "median": [
                [
                    0.37788828109244366,
                    0.37182315321738824,
                    0.36702700073582606,
                    0.36948075222225985
                ],
                [
                    0.37182315321738824,
                    0.3649704597348157,
                    0.33964570293417,
                    0.3368507945336815
                ],
                [
                    0.36702700073582606,
                    0.33964570293417,
                    0.27618067239000427,
                    0.254708005976086
                ],
                [
                    0.36948075222225985,
                    0.3368507945336815,
                    0.254708005976086,
                    0.21665573181926992
                ]
            ],
            "std": [
                [
                    0.37788828109244366,
                    0.012140550729636925,
                    0.008624051766399559,
                    0.010124996649723512
                ],
                [
                    0.37182315321738824,
                    0.3649704597348157,
                    0.037639141458096964,
                    0.04154928277820628
                ],
                [
                    0.36702700073582606,
                    0.33964570293417,
                    0.27618067239000427,
                    0.019419409313590888
                ],
                [
                    0.36948075222225985,
                    0.3368507945336815,
                    0.254708005976086,
                    0.21665573181926992
                ]
            ]
        },
        "1": {
            "unitary": 0,
            "set": 1,
            "mean": [
                [
                    0.3778957908277185,
                    0.37808299848138865,
                    0.36804295948975296,
                    0.37235233227051834
                ],
                [
                    0.37808299848138865,
                    0.3773824474972494,
                    0.34974086792548953,
                    0.3515369256415458
                ],
                [
                    0.36804295948975296,
                    0.34974086792548953,
                    0.27276569398455486,
                    0.25366922118972246
                ],
                [
                    0.37235233227051834,
                    0.3515369256415458,
                    0.25366922118972246,
                    0.22115884021424675
                ]
            ],
            "median": [
                [
                    0.377271875651347,
                    0.3749808148228324,
                    0.369883863139131,
                    0.37326716122096615
                ],
                [
                    0.3749808148228324,
                    0.3717255692055613,
                    0.3404825475626546,
                    0.3396360780567951
                ],
                [
                    0.369883863139131,
                    0.3404825475626546,
                    0.27594474484948744,
                    0.2554531778653738
                ],
                [
                    0.37326716122096615,
                    0.3396360780567951,
                    0.2554531778653738,
                    0.21931914309156664
                ]
            ],
            "std": [
                [
                    0.377271875651347,
                    0.014027902021580186,
                    0.008465448383689787,
                    0.00925131341862865
                ],
                [
                    0.3749808148228324,
                    0.3717255692055613,
                    0.04053870119770277,
                    0.04438086727572346
                ],
                [
                    0.369883863139131,
                    0.3404825475626546,
                    0.27594474484948744,
                    0.019916645103221633
                ],
                [
                    0.37326716122096615,
                    0.3396360780567951,
                    0.2554531778653738,
                    0.21931914309156664
                ]
            ]
        },
        "2": {
            "unitary": 0,
            "set": 2,
            "mean": [
                [
                    0.3714752903697033,
                    0.3717988795356333,
                    0.3656838281276009,
                    0.3681303976885474
                ],
                [
                    0.3717988795356333,
                    0.36789912230688904,
                    0.3453468796180107,
                    0.34563172146448634
                ],
                [
                    0.3656838281276009,
                    0.3453468796180107,
                    0.27272880969917057,
                    0.25174428763225903
                ],
                [
                    0.3681303976885474,
                    0.34563172146448634,
                    0.25174428763225903,
                    0.21974221833864208
                ]
            ],
            "median": [
                [
                    0.3737880138809484,
                    0.3701904258845311,
                    0.362623105161773,
                    0.36421015898358483
                ],
                [
                    0.3701904258845311,
                    0.36572085951734945,
                    0.3415133112557894,
                    0.33684355874627625
                ],
                [
                    0.362623105161773,
                    0.3415133112557894,
                    0.27592326604613704,
                    0.2536518060189812
                ],
                [
                    0.36421015898358483,
                    0.33684355874627625,
                    0.2536518060189812,
                    0.21651635820709336
                ]
            ],
            "std": [
                [
                    0.3737880138809484,
                    0.013016305209465335,
                    0.010330055620412922,
                    0.011247078715228172
                ],
                [
                    0.3701904258845311,
                    0.36572085951734945,
                    0.038526942044058494,
                    0.042518765203326245
                ],
                [
                    0.362623105161773,
                    0.3415133112557894,
                    0.27592326604613704,
                    0.019245870745452476
                ],
                [
                    0.36421015898358483,
                    0.33684355874627625,
                    0.2536518060189812,
                    0.21651635820709336
                ]
            ]
        },
        "3": {
            "unitary": 0,
            "set": 3,
            "mean": [
                [
                    0.3742709679356454,
                    0.37253520043783533,
                    0.36457960079787805,
                    0.3678909703540993
                ],
                [
                    0.37253520043783533,
                    0.36829197170855155,
                    0.3446265556559937,
                    0.34506469088664316
                ],
                [
                    0.36457960079787805,
                    0.3446265556559937,
                    0.27247420680579887,
                    0.25265724246458826
                ],
                [
                    0.3678909703540993,
                    0.34506469088664316,
                    0.25265724246458826,
                    0.22050202254973095
                ]
            ],
            "median": [
                [
                    0.3754843046060624,
                    0.36970446444923843,
                    0.3664418275249038,
                    0.37410611348257716
                ],
                [
                    0.36970446444923843,
                    0.36710472500003066,
                    0.3398654685213204,
                    0.33779979943582256
                ],
                [
                    0.3664418275249038,
                    0.3398654685213204,
                    0.27264793045128743,
                    0.25298094474593136
                ],
                [
                    0.37410611348257716,
                    0.33779979943582256,
                    0.25298094474593136,
                    0.21654860535301584
                ]
            ],
            "std": [
                [
                    0.3754843046060624,
                    0.01229837514890103,
                    0.009268120863816369,
                    0.0100103176652277
                ],
                [
                    0.36970446444923843,
                    0.36710472500003066,
                    0.037062078182309416,
                    0.04142121884380497
                ],
                [
                    0.3664418275249038,
                    0.3398654685213204,
                    0.27264793045128743,
                    0.019977839917377904
                ],
                [
                    0.37410611348257716,
                    0.33779979943582256,
                    0.25298094474593136,
                    0.21654860535301584
                ]
            ]
        },
        "4": {
            "unitary": 0,
            "set": 4,
            "mean": [
                [
                    0.37652869674423595,
                    0.37459344357062013,
                    0.367691724510732,
                    0.3716424639865392
                ],
                [
                    0.37459344357062013,
                    0.37068681928091207,
                    0.3468010184877609,
                    0.34719966102366095
                ],
                [
                    0.367691724510732,
                    0.3468010184877609,
                    0.27147437025817184,
                    0.25153980910994267
                ],
                [
                    0.3716424639865392,
                    0.34719966102366095,
                    0.25153980910994267,
                    0.2198727586960744
                ]
            ],
            "median": [
                [
                    0.37831739331169556,
                    0.3701118176463344,
                    0.36625407613732697,
                    0.37001252801366946
                ],
                [
                    0.3701118176463344,
                    0.362773671933636,
                    0.3385389313869689,
                    0.3331895810977248
                ],
                [
                    0.36625407613732697,
                    0.3385389313869689,
                    0.2708657427585728,
                    0.24937249883592544
                ],
                [
                    0.37001252801366946,
                    0.3331895810977248,
                    0.24937249883592544,
                    0.2172095531888857
                ]
            ],
            "std": [
                [
                    0.37831739331169556,
                    0.014458136103679894,
                    0.00999244010329157,
                    0.010714752005602193
                ],
                [
                    0.3701118176463344,
                    0.362773671933636,
                    0.040592171524399014,
                    0.04571123917093099
                ],
                [
                    0.36625407613732697,
                    0.3385389313869689,
                    0.2708657427585728,
                    0.021107788962439818
                ],
                [
                    0.37001252801366946,
                    0.3331895810977248,
                    0.24937249883592544,
                    0.2172095531888857
                ]
            ]
        },
        "all": {
            "mean": [
                [
                    0.37550421573411485,
                    0.37444482522117223,
                    0.36682809102212194,
                    0.37020579647796253
                ],
                [
                    0.37444482522117223,
                    0.3706328150709852,
                    0.34675423103167524,
                    0.34735693806125656
                ],
                [
                    0.36682809102212194,
                    0.34675423103167524,
                    0.27263539835860645,
                    0.2526109779832876
                ],
                [
                    0.37020579647796253,
                    0.34735693806125656,
                    0.2526109779832876,
                    0.2203959628883937
                ]
            ],
            "median": [
                [
                    0.375742779295664,
                    0.3712018892975716,
                    0.3665456487963238,
                    0.3706693966462126
                ],
                [
                    0.3712018892975716,
                    0.36660068014437386,
                    0.3398654685213204,
                    0.3369621836002513
                ],
                [
                    0.3665456487963238,
                    0.3398654685213204,
                    0.27423210022131034,
                    0.25298094474593136
                ],
                [
                    0.3706693966462126,
                    0.3369621836002513,
                    0.25298094474593136,
                    0.21696511124041062
                ]
            ],
            "std": [
                [
                    0.005719070925605346,
                    0.013404357856689794,
                    0.00947427177218645,
                    0.010455621650516
                ],
                [
                    0.013404357856689794,
                    0.026850622437872163,
                    0.03893949149780457,
                    0.04320836090428468
                ],
                [
                    0.00947427177218645,
                    0.03893949149780457,
                    0.015133775221253554,
                    0.01996275352973132
                ],
                [
                    0.010455621650516,
                    0.04320836090428468,
                    0.01996275352973132,
                    0.015079671900787215
                ]
            ]
        }
    },
    "1": {
        "0": {
            "unitary": 1,
            "set": 0,
            "mean": [
                [
                    0.38897995541401376,
                    0.37383799911806237,
                    0.377041726096789,
                    0.3838979341467635
                ],
                [
                    0.37383799911806237,
                    0.3156264863363326,
                    0.3076052327901817,
                    0.2965311291185534
                ],
                [
                    0.377041726096789,
                    0.3076052327901817,
                    0.301268147523819,
                    0.28593705511220285
                ],
                [
                    0.3838979341467635,
                    0.2965311291185534,
                    0.28593705511220285,
                    0.2590997213602127
                ]
            ],
            "median": [
                [
                    0.39300685546691155,
                    0.3736042398162096,
                    0.3754822896864921,
                    0.38168859234826713
                ],
                [
                    0.3736042398162096,
                    0.3119332340264316,
                    0.30771360939164594,
                    0.29980598265513103
                ],
                [
                    0.3754822896864921,
                    0.30771360939164594,
                    0.29741565159957584,
                    0.29549008800169574
                ],
                [
                    0.38168859234826713,
                    0.29980598265513103,
                    0.29549008800169574,
                    0.2679261411045597
                ]
            ],
            "std": [
                [
                    0.39300685546691155,
                    0.020275557163637173,
                    0.02059047576127494,
                    0.023565621038304053
                ],
                [
                    0.3736042398162096,
                    0.3119332340264316,
                    0.014595690004167187,
                    0.022856573221271322
                ],
                [
                    0.3754822896864921,
                    0.30771360939164594,
                    0.29741565159957584,
                    0.024060470690701774
                ],
                [
                    0.38168859234826713,
                    0.29980598265513103,
                    0.29549008800169574,
                    0.2679261411045597
                ]
            ]
        },
        "1": {
            "unitary": 1,
            "set": 1,
            "mean": [
                [
                    0.39456059478228617,
                    0.379070352677442,
                    0.37970199899514157,
                    0.3875146342050762
                ],
                [
                    0.379070352677442,
                    0.31776838236343974,
                    0.3075808296839059,
                    0.2978553422283341
                ],
                [
                    0.37970199899514157,
                    0.3075808296839059,
                    0.299228418032316,
                    0.2850066645083146
                ],
                [
                    0.3875146342050762,
                    0.2978553422283341,
                    0.2850066645083146,
                    0.260424423809281
                ]
            ],
            "median": [
                [
                    0.39435980846165297,
                    0.38181370961167516,
                    0.3792390033904709,
                    0.38542014642128164
                ],
                [
                    0.38181370961167516,
                    0.31334016668048925,
                    0.30651021238900555,
                    0.2977235782914565
                ],
                [
                    0.3792390033904709,
                    0.30651021238900555,
                    0.2968860247783327,
                    0.29440073372085496
                ],
                [
                    0.38542014642128164,
                    0.2977235782914565,
                    0.29440073372085496,
                    0.2706030206092882
                ]
            ],
            "std": [
                [
                    0.39435980846165297,
                    0.020197568296657954,
                    0.019846452467575895,
                    0.023480123451792515
                ],
                [
                    0.38181370961167516,
                    0.31334016668048925,
                    0.014961360797569403,
                    0.02226494538523003
                ],
                [
                    0.3792390033904709,
                    0.30651021238900555,
                    0.2968860247783327,
                    0.025234725322621106
                ],
                [
                    0.38542014642128164,
                    0.2977235782914565,
                    0.29440073372085496,
                    0.2706030206092882
                ]
            ]
        },
        "2": {
            "unitary": 1,
            "set": 2,
            "mean": [
                [
                    0.3907020001195378,
                    0.37473019983919365,
                    0.3773598296731736,
                    0.38463560211581455
                ],
                [
                    0.37473019983919365,
                    0.31647249537310307,
                    0.30802042201688484,
                    0.2970879848385505
                ],
                [
                    0.3773598296731736,
                    0.30802042201688484,
                    0.299497526037972,
                    0.28438410211831305
                ],
                [
                    0.38463560211581455,
                    0.2970879848385505,
                    0.28438410211831305,
                    0.2579258482473542
                ]
            ],
            "median": [
                [
                    0.39434164562377805,
                    0.38048097587575325,
                    0.3798225815738464,
                    0.3861155332310603
                ],
                [
                    0.38048097587575325,
                    0.31498675725153313,
                    0.30659974656763095,
                    0.29713461150474657
                ],
                [
                    0.3798225815738464,
                    0.30659974656763095,
                    0.29615787840295704,
                    0.2935328064889366
                ],
                [
                    0.3861155332310603,
                    0.29713461150474657,
                    0.2935328064889366,
                    0.26629633634803707
                ]
            ],
            "std": [
                [
                    0.39434164562377805,
                    0.02089392457390614,
                    0.02070509123254728,
                    0.023997542541890265
                ],
                [
                    0.38048097587575325,
                    0.31498675725153313,
                    0.01666189907795447,
                    0.024616918628596732
                ],
                [
                    0.3798225815738464,
                    0.30659974656763095,
                    0.29615787840295704,
                    0.022887197612590608
                ],
                [
                    0.3861155332310603,
                    0.29713461150474657,
                    0.2935328064889366,
                    0.26629633634803707
                ]
            ]
        },
        "3": {
            "unitary": 1,
            "set": 3,
            "mean": [
                [
                    0.3883865173960935,
                    0.3731926309847025,
                    0.3748143055759213,
                    0.3833529769142261
                ],
                [
                    0.3731926309847025,
                    0.3148346540858139,
                    0.305861323997301,
                    0.294782898945227
                ],
                [
                    0.3748143055759213,
                    0.305861323997301,
                    0.29623791872503485,
                    0.281826780773453
                ],
                [
                    0.3833529769142261,
                    0.294782898945227,
                    0.281826780773453,
                    0.2553329924282076
                ]
            ],
            "median": [
                [
                    0.39095107483984,
                    0.3763160147966308,
                    0.37338537140234057,
                    0.37895130198313665
                ],
                [
                    0.3763160147966308,
                    0.3152796809936512,
                    0.3040637148365961,
                    0.29448678175240794
                ],
                [
                    0.37338537140234057,
                    0.3040637148365961,
                    0.2918547605978151,
                    0.2902493459918851
                ],
                [
                    0.37895130198313665,
                    0.29448678175240794,
                    0.2902493459918851,
                    0.26415546525946687
                ]
            ],
            "std": [
                [
                    0.39095107483984,
                    0.02130655976921846,
                    0.02085904175729516,
                    0.024306970745660045
                ],
                [
                    0.3763160147966308,
                    0.3152796809936512,
                    0.015808795699016925,
                    0.022884355419308496
                ],
                [
                    0.37338537140234057,
                    0.3040637148365961,
                    0.2918547605978151,
                    0.02532946192683525
                ],
                [
                    0.37895130198313665,
                    0.29448678175240794,
                    0.2902493459918851,
                    0.26415546525946687
                ]
            ]
        },
        "4": {
            "unitary": 1,
            "set": 4,
            "mean": [
                [
                    0.38852303287913886,
                    0.3749570089539539,
                    0.37685434712798227,
                    0.38379869850364734
                ],
                [
                    0.3749570089539539,
                    0.31779273592348534,
                    0.30781989567650353,
                    0.29814517486366354
                ],
                [
                    0.37685434712798227,
                    0.30781989567650353,
                    0.29928584387948176,
                    0.28443771441236326
                ],
                [
                    0.38379869850364734,
                    0.29814517486366354,
                    0.28443771441236326,
                    0.260270647664551
                ]
            ],
            "median": [
                [
                    0.3912115945578417,
                    0.3799025498658141,
                    0.3763778829137956,
                    0.38113076443353977
                ],
                [
                    0.3799025498658141,
                    0.3174833677510217,
                    0.307282547378304,
                    0.2992970794461546
                ],
                [
                    0.3763778829137956,
                    0.307282547378304,
                    0.29825978160113875,
                    0.292591748882302
                ],
                [
                    0.38113076443353977,
                    0.2992970794461546,
                    0.292591748882302,
                    0.27045112309676234
                ]
            ],
            "std": [
                [
                    0.3912115945578417,
                    0.020509672882539062,
                    0.021318129597383394,
                    0.023798153151421846
                ],
                [
                    0.3799025498658141,
                    0.3174833677510217,
                    0.015865602185229127,
                    0.022691663337911207
                ],
                [
                    0.3763778829137956,
                    0.307282547378304,
                    0.29825978160113875,
                    0.024112157147583
                ],
                [
                    0.38113076443353977,
                    0.2992970794461546,
                    0.292591748882302,
                    0.27045112309676234
                ]
            ]
        },
        "all": {
            "mean": [
                [
                    0.390230420118214,
                    0.37515763831467086,
                    0.3771544414938015,
                    0.3846399691771055
                ],
                [
                    0.37515763831467086,
                    0.3164989508164349,
                    0.3073775408329553,
                    0.29688050599886573
                ],
                [
                    0.3771544414938015,
                    0.3073775408329553,
                    0.2991035708397247,
                    0.2843184633849294
                ],
                [
                    0.3846399691771055,
                    0.29688050599886573,
                    0.2843184633849294,
                    0.2586107267019213
                ]
            ],
            "median": [
                [
                    0.39381868105518636,
                    0.3797145204348161,
                    0.37666382807461796,
                    0.3822840626808831
                ],
                [
                    0.3797145204348161,
                    0.31416723269934566,
                    0.30659974656763095,
                    0.29713461150474657
                ],
                [
                    0.37666382807461796,
                    0.30659974656763095,
                    0.2973775677781566,
                    0.29349536373187124
                ],
                [
                    0.3822840626808831,
                    0.29713461150474657,
                    0.29349536373187124,
                    0.2680733595604044
                ]
            ],
            "std": [
                [
                    0.012241842340538715,
                    0.020742937252634146,
                    0.0207278733794138,
                    0.023878425743931952
                ],
                [
                    0.020742937252634146,
                    0.014724270307143923,
                    0.015614940128935653,
                    0.0231078492431843
                ],
                [
                    0.0207278733794138,
                    0.015614940128935653,
                    0.01322798569627032,
                    0.02437958023342398
                ],
                [
                    0.023878425743931952,
                    0.0231078492431843,
                    0.02437958023342398,
                    0.032855249856739724
                ]
            ]
        }
    },
    "2": {
        "0": {
            "unitary": 2,
            "set": 0,
            "mean": [
                [
                    0.4212653828177781,
                    0.41190765844382804,
                    0.41132348843273114,
                    0.41811344353588065
                ],
                [
                    0.41190765844382804,
                    0.3523657113195996,
                    0.33881790354614316,
                    0.328426084996733
                ],
                [
                    0.41132348843273114,
                    0.33881790354614316,
                    0.31647903852303666,
                    0.29532782583557404
                ],
                [
                    0.41811344353588065,
                    0.328426084996733,
                    0.29532782583557404,
                    0.26585772643294436
                ]
            ],
            "median": [
                [
                    0.4217387022747935,
                    0.40497881030478255,
                    0.40966313480426253,
                    0.4141944524198065
                ],
                [
                    0.40497881030478255,
                    0.34251735590707333,
                    0.3358082902735826,
                    0.3240256671537967
                ],
                [
                    0.40966313480426253,
                    0.3358082902735826,
                    0.3190616034524527,
                    0.29458425196025
                ],
                [
                    0.4141944524198065,
                    0.3240256671537967,
                    0.29458425196025,
                    0.2654639812463665
                ]
            ],
            "std": [
                [
                    0.4217387022747935,
                    0.034378533967580796,
                    0.04015079462988525,
                    0.04455685232084836
                ],
                [
                    0.40497881030478255,
                    0.34251735590707333,
                    0.0274687659481105,
                    0.03547281238844752
                ],
                [
                    0.40966313480426253,
                    0.3358082902735826,
                    0.3190616034524527,
                    0.022261829188827013
                ],
                [
                    0.4141944524198065,
                    0.3240256671537967,
                    0.29458425196025,
                    0.2654639812463665
                ]
            ]
        },
        "1": {
            "unitary": 2,
            "set": 1,
            "mean": [
                [
                    0.4215928037949679,
                    0.4104343875704617,
                    0.40959529628955027,
                    0.4150017646621799
                ],
                [
                    0.4104343875704617,
                    0.35057585228335775,
                    0.33761894647212287,
                    0.3270352571773521
                ],
                [
                    0.40959529628955027,
                    0.33761894647212287,
                    0.314687446137908,
                    0.293752708196202
                ],
                [
                    0.4150017646621799,
                    0.3270352571773521,
                    0.293752708196202,
                    0.26359629510042976
                ]
            ],
            "median": [
                [
                    0.42125656102594333,
                    0.4056992592337402,
                    0.40617087500627946,
                    0.4092154041026095
                ],
                [
                    0.4056992592337402,
                    0.3429862932976042,
                    0.3360367955420205,
                    0.32221313298052523
                ],
                [
                    0.40617087500627946,
                    0.3360367955420205,
                    0.32008773603001894,
                    0.2971691393321131
                ],
                [
                    0.4092154041026095,
                    0.32221313298052523,
                    0.2971691393321131,
                    0.26105839746474135
                ]
            ],
            "std": [
                [
                    0.42125656102594333,
                    0.03264380695615896,
                    0.03812095222104409,
                    0.041931976043937676
                ],
                [
                    0.4056992592337402,
                    0.3429862932976042,
                    0.026452535108710967,
                    0.03467292691446661
                ],
                [
                    0.40617087500627946,
                    0.3360367955420205,
                    0.32008773603001894,
                    0.023321177456054488
                ],
                [
                    0.4092154041026095,
                    0.32221313298052523,
                    0.2971691393321131,
                    0.26105839746474135
                ]
            ]
        },
        "2": {
            "unitary": 2,
            "set": 2,
            "mean": [
                [
                    0.42067881194485485,
                    0.4092544699997484,
                    0.40934395557595926,
                    0.4163493922516012
                ],
                [
                    0.4092544699997484,
                    0.34736529556468787,
                    0.3350379190991573,
                    0.3256608583971384
                ],
                [
                    0.40934395557595926,
                    0.3350379190991573,
                    0.31330143114574005,
                    0.2933392413653011
                ],
                [
                    0.4163493922516012,
                    0.3256608583971384,
                    0.2933392413653011,
                    0.2672840179245348
                ]
            ],
            "median": [
                [
                    0.42407997634509276,
                    0.4025084942433499,
                    0.4021553323919575,
                    0.4077796060293385
                ],
                [
                    0.4025084942433499,
                    0.3433761093238543,
                    0.33317933721572573,
                    0.3254375358957484
                ],
                [
                    0.4021553323919575,
                    0.33317933721572573,
                    0.32230390639374684,
                    0.2996468013244713
                ],
                [
                    0.4077796060293385,
                    0.3254375358957484,
                    0.2996468013244713,
                    0.2634437301876805
                ]
            ],
            "std": [
                [
                    0.42407997634509276,
                    0.03380344753150602,
                    0.03936279246759586,
                    0.04282924121647947
                ],
                [
                    0.4025084942433499,
                    0.3433761093238543,
                    0.02763166910750517,
                    0.035491577577915
                ],
                [
                    0.4021553323919575,
                    0.33317933721572573,
                    0.32230390639374684,
                    0.023562198945669445
                ],
                [
                    0.4077796060293385,
                    0.3254375358957484,
                    0.2996468013244713,
                    0.2634437301876805
                ]
            ]
        },
        "3": {
            "unitary": 2,
            "set": 3,
            "mean": [
                [
                    0.419114084643012,
                    0.4079394523604535,
                    0.40711679791476,
                    0.41281117442250215
                ],
                [
                    0.4079394523604535,
                    0.3465508078217686,
                    0.3332767409821756,
                    0.32183827960269457
                ],
                [
                    0.40711679791476,
                    0.3332767409821756,
                    0.3136439251369418,
                    0.29244180765488903
                ],
                [
                    0.41281117442250215,
                    0.32183827960269457,
                    0.29244180765488903,
                    0.26381587690947306
                ]
            ],
            "median": [
                [
                    0.4154844647224293,
                    0.4052939886456983,
                    0.4034137468822966,
                    0.4119263732422276
                ],
                [
                    0.4052939886456983,
                    0.3420512095957805,
                    0.3321891670560322,
                    0.3169785699107138
                ],
                [
