{
    "info": "results are matrices of values, lines and columns correspond to # qubits, i.e. [3,6,9,12,15,18]. Distances between same qubit counts only take distances between different runs of same qubit count into account.",
    "metric": "wasserstein",
    "homology dimension": 0,
    "1": {
        "0": {
            "p": 1,
            "set": 0,
            "mean": [
                [
                    2.6866826424692825,
                    3.3180559288938376,
                    5.052654399965521,
                    6.579346763946058,
                    8.466965580902725,
                    10.540173696422949
                ],
                [
                    3.3180559288938376,
                    1.386734319012494,
                    3.8202532401858167,
                    6.171523883308003,
                    8.27167693133238,
                    10.384144904966766
                ],
                [
                    5.052654399965521,
                    3.8202532401858167,
                    2.1819949746368588,
                    3.5463556892762744,
                    6.191803732285543,
                    8.71373482281635
                ],
                [
                    6.579346763946058,
                    6.171523883308003,
                    3.5463556892762744,
                    1.725349009776251,
                    3.9246599885297284,
                    7.071562780549962
                ],
                [
                    8.466965580902725,
                    8.27167693133238,
                    6.191803732285543,
                    3.9246599885297284,
                    2.6174203607808857,
                    4.733528608833154
                ],
                [
                    10.540173696422949,
                    10.384144904966766,
                    8.71373482281635,
                    7.071562780549962,
                    4.733528608833154,
                    2.8782981107672247
                ]
            ],
            "median": [
                [
                    2.5401165804567585,
                    2.9524304909189105,
                    4.869787144446188,
                    6.509616721498338,
                    8.465261964392427,
                    10.387577544984989
                ],
                [
                    2.9524304909189105,
                    1.2518156555965074,
                    3.660240344221426,
                    6.188319781716056,
                    8.201617208758499,
                    10.31501322896127
                ],
                [
                    4.869787144446188,
                    3.660240344221426,
                    2.0747186988678368,
                    3.587099393752755,
                    6.152167102811074,
                    8.49247032922516
                ],
                [
                    6.509616721498338,
                    6.188319781716056,
                    3.587099393752755,
                    1.7108017799619462,
                    3.8742855296603054,
                    6.968602769334437
                ],
                [
                    8.465261964392427,
                    8.201617208758499,
                    6.152167102811074,
                    3.8742855296603054,
                    2.2526667859961425,
                    4.527791245446331
                ],
                [
                    10.387577544984989,
                    10.31501322896127,
                    8.49247032922516,
                    6.968602769334437,
                    4.527791245446331,
                    2.579498312256069
                ]
            ],
            "std": [
                [
                    2.5401165804567585,
                    1.2686897459683513,
                    0.8159558004104996,
                    0.5323177805176346,
                    0.6257103477650546,
                    0.7636995300387337
                ],
                [
                    2.9524304909189105,
                    1.2518156555965074,
                    0.8478397561901886,
                    0.454342899740421,
                    0.4403659318077211,
                    0.6806280650015569
                ],
                [
                    4.869787144446188,
                    3.660240344221426,
                    2.0747186988678368,
                    0.6950865714542352,
                    0.6819619502128718,
                    0.8635888245648914
                ],
                [
                    6.509616721498338,
                    6.188319781716056,
                    3.587099393752755,
                    1.7108017799619462,
                    0.7657171290046029,
                    0.9478537316269724
                ],
                [
                    8.465261964392427,
                    8.201617208758499,
                    6.152167102811074,
                    3.8742855296603054,
                    2.2526667859961425,
                    1.2395043581815732
                ],
                [
                    10.387577544984989,
                    10.31501322896127,
                    8.49247032922516,
                    6.968602769334437,
                    4.527791245446331,
                    2.579498312256069
                ]
            ]
        },
        "1": {
            "p": 1,
            "set": 1,
            "mean": [
                [
                    2.675672330685495,
                    3.2079465015891,
                    5.029246176344752,
                    6.632185937228717,
                    8.531637248796914,
                    10.391927529820828
                ],
                [
                    3.2079465015891,
                    1.3781217912687218,
                    3.82622538716888,
                    6.2465821435185305,
                    8.356826574838742,
                    10.239996395405761
                ],
                [
                    5.029246176344752,
                    3.82622538716888,
                    2.09965375394525,
                    3.5818480900159,
                    6.2364167526076,
                    8.534491325806142
                ],
                [
                    6.632185937228717,
                    6.2465821435185305,
                    3.5818480900159,
                    1.5326942376601562,
                    3.8352155347567454,
                    6.7569869273403285
                ],
                [
                    8.531637248796914,
                    8.356826574838742,
                    6.2364167526076,
                    3.8352155347567454,
                    2.6422016167856177,
                    4.261356739284077
                ],
                [
                    10.391927529820828,
                    10.239996395405761,
                    8.534491325806142,
                    6.7569869273403285,
                    4.261356739284077,
                    2.5481122249639987
                ]
            ],
            "median": [
                [
                    2.5118780606959867,
                    2.823321736945336,
                    4.959522929816867,
                    6.734826900829473,
                    8.631124378247534,
                    10.216388462290448
                ],
                [
                    2.823321736945336,
                    1.189212361408182,
                    3.718042965295248,
                    6.202729148960557,
                    8.274784184939783,
                    10.048290925819094
                ],
                [
                    4.959522929816867,
                    3.718042965295248,
                    1.8407642539817985,
                    3.6294597438890337,
                    6.199297406139307,
                    8.443351929254094
                ],
                [
                    6.734826900829473,
                    6.202729148960557,
                    3.6294597438890337,
                    1.5724697435417456,
                    3.6103635747927783,
                    6.50206688842383
                ],
                [
                    8.631124378247534,
                    8.274784184939783,
                    6.199297406139307,
                    3.6103635747927783,
                    2.8784687397102515,
                    3.9482062036082533
                ],
                [
                    10.216388462290448,
                    10.048290925819094,
                    8.443351929254094,
                    6.50206688842383,
                    3.9482062036082533,
                    2.013548625322672
                ]
            ],
            "std": [
                [
                    2.5118780606959867,
                    1.2985713410278636,
                    0.7800785667562542,
                    0.43928342442887136,
                    0.6509570564807405,
                    0.7875685789352083
                ],
                [
                    2.823321736945336,
                    1.189212361408182,
                    0.8201207306458512,
                    0.3432737628162122,
                    0.4922782774794847,
                    0.7128875475985383
                ],
                [
                    4.959522929816867,
                    3.718042965295248,
                    1.8407642539817985,
                    0.6260616009193257,
                    0.745878259628404,
                    0.8910254480803438
                ],
                [
                    6.734826900829473,
                    6.202729148960557,
                    3.6294597438890337,
                    1.5724697435417456,
                    0.8023769748205541,
                    0.9855008524284388
                ],
                [
                    8.631124378247534,
                    8.274784184939783,
                    6.199297406139307,
                    3.6103635747927783,
                    2.8784687397102515,
                    1.3084518501284466
                ],
                [
                    10.216388462290448,
                    10.048290925819094,
                    8.443351929254094,
                    6.50206688842383,
                    3.9482062036082533,
                    2.013548625322672
                ]
            ]
        },
        "2": {
            "p": 1,
            "set": 2,
            "mean": [
                [
                    2.6555859803501454,
                    3.2918731356806124,
                    5.0924304392121815,
                    6.681647304866394,
                    8.534204028230329,
                    10.593749398206155
                ],
                [
                    3.2918731356806124,
                    1.3425958641638935,
                    3.860723482167404,
                    6.269149110680527,
                    8.339886843522915,
                    10.429318803497862
                ],
                [
                    5.0924304392121815,
                    3.860723482167404,
                    2.17528223336633,
                    3.5452113369752043,
                    6.165648600349369,
                    8.7219212893849
                ],
                [
                    6.681647304866394,
                    6.269149110680527,
                    3.5452113369752043,
                    1.7063532085099375,
                    3.797787550616692,
                    7.040470334777692
                ],
                [
                    8.534204028230329,
                    8.339886843522915,
                    6.165648600349369,
                    3.797787550616692,
                    2.4232240574068213,
                    4.707246222811067
                ],
                [
                    10.593749398206155,
                    10.429318803497862,
                    8.7219212893849,
                    7.040470334777692,
                    4.707246222811067,
                    2.5997685980423904
                ]
            ],
            "median": [
                [
                    2.5271654571363964,
                    2.876015895859045,
                    4.960291194489274,
                    6.741442035093958,
                    8.442321893463019,
                    10.404405536417858
                ],
                [
                    2.876015895859045,
                    1.199078571556449,
                    3.8125386678960966,
                    6.275654703347494,
                    8.282581315741687,
                    10.234951750388856
                ],
                [
                    4.960291194489274,
                    3.8125386678960966,
                    2.0079721633690446,
                    3.498039929919664,
                    6.1058829789925,
                    8.704942455756123
                ],
                [
                    6.741442035093958,
                    6.275654703347494,
                    3.498039929919664,
                    1.6799208310724505,
                    3.673671770240608,
                    6.7979574685667075
                ],
                [
                    8.442321893463019,
                    8.282581315741687,
                    6.1058829789925,
                    3.673671770240608,
                    1.9762344823984122,
                    4.434614802175947
                ],
                [
                    10.404405536417858,
                    10.234951750388856,
                    8.704942455756123,
                    6.7979574685667075,
                    4.434614802175947,
                    2.3724013868027987
                ]
            ],
            "std": [
                [
                    2.5271654571363964,
                    1.2770875053667399,
                    0.7761243390988383,
                    0.45458093023888246,
                    0.6556734593556751,
                    0.7265116398484417
                ],
                [
                    2.876015895859045,
                    1.199078571556449,
                    0.8328182526979285,
                    0.39466296610826773,
                    0.5014197353541302,
                    0.6534228913588976
                ],
                [
                    4.960291194489274,
                    3.8125386678960966,
                    2.0079721633690446,
                    0.6668441019567808,
                    0.750622130391744,
                    0.8329330093974568
                ],
                [
                    6.741442035093958,
                    6.275654703347494,
                    3.498039929919664,
                    1.6799208310724505,
                    0.8249809195925232,
                    0.8753358350749365
                ],
                [
                    8.442321893463019,
                    8.282581315741687,
                    6.1058829789925,
                    3.673671770240608,
                    1.9762344823984122,
                    1.1694603153757543
                ],
                [
                    10.404405536417858,
                    10.234951750388856,
                    8.704942455756123,
                    6.7979574685667075,
                    4.434614802175947,
                    2.3724013868027987
                ]
            ]
        },
        "3": {
            "p": 1,
            "set": 3,
            "mean": [
                [
                    2.6834404813644093,
                    3.3254986546511676,
                    5.103359317917853,
                    6.727161956921262,
                    8.65298014113205,
                    10.81645068884532
                ],
                [
                    3.3254986546511676,
                    1.3882990629164451,
                    3.829332716505772,
                    6.296243469891355,
                    8.44850231249672,
                    10.624354450276574
                ],
                [
                    5.103359317917853,
                    3.829332716505772,
                    2.3258266658189006,
                    3.7013773833369736,
                    6.392007944835732,
                    8.975188165834313
                ],
                [
                    6.727161956921262,
                    6.296243469891355,
                    3.7013773833369736,
                    1.6681725862644268,
                    4.029468192789972,
                    7.3131626156976415
                ],
                [
                    8.65298014113205,
                    8.44850231249672,
                    6.392007944835732,
                    4.029468192789972,
                    2.7330673389585733,
                    5.030294947208508
                ],
                [
                    10.81645068884532,
                    10.624354450276574,
                    8.975188165834313,
                    7.3131626156976415,
                    5.030294947208508,
                    3.4031662392245594
                ]
            ],
            "median": [
                [
                    2.5499165998129865,
                    2.9308603901338763,
                    4.969857245603034,
                    6.812684565737612,
                    8.57880117017789,
                    10.799795762488422
                ],
                [
                    2.9308603901338763,
                    1.206177926874032,
                    3.663777881938314,
                    6.260827431942044,
                    8.526053426984427,
                    10.598222324001279
                ],
                [
                    4.969857245603034,
                    3.663777881938314,
                    2.0773679994654755,
                    3.7298546952918255,
                    6.374293940104694,
                    8.825989230785538
                ],
                [
                    6.812684565737612,
                    6.260827431942044,
                    3.7298546952918255,
                    1.4929443324969958,
                    4.050862187727748,
                    7.258698476103814
                ],
                [
                    8.57880117017789,
                    8.526053426984427,
                    6.374293940104694,
                    4.050862187727748,
                    2.4980484128572513,
                    5.126935795304809
                ],
                [
                    10.799795762488422,
                    10.598222324001279,
                    8.825989230785538,
                    7.258698476103814,
                    5.126935795304809,
                    3.7499077679726813
                ]
            ],
            "std": [
                [
                    2.5499165998129865,
                    1.270204717961151,
                    0.8597161093193354,
                    0.4880348971844269,
                    0.6246641810657151,
                    0.7500958579430467
                ],
                [
                    2.9308603901338763,
                    1.206177926874032,
                    0.9128449399403782,
                    0.37827905250134775,
                    0.4431290626467736,
                    0.6731847262205556
                ],
                [
                    4.969857245603034,
                    3.663777881938314,
                    2.0773679994654755,
                    0.7148833454289603,
                    0.7311640482148225,
                    0.8649568918954197
                ],
                [
                    6.812684565737612,
                    6.260827431942044,
                    3.7298546952918255,
                    1.4929443324969958,
                    0.7400402956405079,
                    0.896343425054363
                ],
                [
                    8.57880117017789,
                    8.526053426984427,
                    6.374293940104694,
                    4.050862187727748,
                    2.4980484128572513,
                    1.2027131334480705
                ],
                [
                    10.799795762488422,
                    10.598222324001279,
                    8.825989230785538,
                    7.258698476103814,
                    5.126935795304809,
                    3.7499077679726813
                ]
            ]
        },
        "4": {
            "p": 1,
            "set": 4,
            "mean": [
                [
                    2.6904865379826033,
                    3.182615652768312,
                    5.108973010726238,
                    6.69176256629293,
                    8.497635404153518,
                    10.391026028030916
                ],
                [
                    3.182615652768312,
                    1.3494224056365198,
                    3.964940736654465,
                    6.3667164871440525,
                    8.372595725690852,
                    10.289268297329029
                ],
                [
                    5.108973010726238,
                    3.964940736654465,
                    2.306568687062896,
                    3.5968436482911916,
                    6.102253353962939,
                    8.477326050821809
                ],
                [
                    6.69176256629293,
                    6.3667164871440525,
                    3.5968436482911916,
                    1.5640717411578577,
                    3.6476749035695826,
                    6.685655020200944
                ],
                [
                    8.497635404153518,
                    8.372595725690852,
                    6.102253353962939,
                    3.6476749035695826,
                    2.117936750784498,
                    4.281794474449853
                ],
                [
                    10.391026028030916,
                    10.289268297329029,
                    8.477326050821809,
                    6.685655020200944,
                    4.281794474449853,
                    2.545074444104894
                ]
            ],
            "median": [
                [
                    2.5587135801800667,
                    2.7342718176473,
                    5.027694432988282,
                    6.722674462083381,
                    8.587150101357768,
                    10.251018752351062
                ],
                [
                    2.7342718176473,
                    1.2220895398009133,
                    3.7726463479709342,
                    6.390202425364667,
                    8.350465178748165,
                    10.195604241101984
                ],
                [
                    5.027694432988282,
                    3.7726463479709342,
                    2.05888094209112,
                    3.68419818473574,
                    6.099928919709914,
                    8.537029199729794
                ],
                [
                    6.722674462083381,
                    6.390202425364667,
                    3.68419818473574,
                    1.626397391443159,
                    3.409811254603249,
                    6.34658394124458
                ],
                [
                    8.587150101357768,
                    8.350465178748165,
                    6.099928919709914,
                    3.409811254603249,
                    1.6814245589614991,
                    3.9682092338348065
                ],
                [
                    10.251018752351062,
                    10.195604241101984,
                    8.537029199729794,
                    6.34658394124458,
                    3.9682092338348065,
                    2.389232587665732
                ]
            ],
            "std": [
                [
                    2.5587135801800667,
                    1.331685653985286,
                    0.8711511789972823,
                    0.4900348523725303,
                    0.6037536829373983,
                    0.725648741554416
                ],
                [
                    2.7342718176473,
                    1.2220895398009133,
                    0.9265235612237562,
                    0.4154873779961032,
                    0.40471166926603913,
                    0.6402186367975516
                ],
                [
                    5.027694432988282,
                    3.7726463479709342,
                    2.05888094209112,
                    0.7781198944872025,
                    0.7730036814912237,
                    0.886837460165732
                ],
                [
                    6.722674462083381,
                    6.390202425364667,
                    3.68419818473574,
                    1.626397391443159,
                    0.7365823225434694,
                    0.9214892900967407
                ],
                [
                    8.587150101357768,
                    8.350465178748165,
                    6.099928919709914,
                    3.409811254603249,
                    1.6814245589614991,
                    1.1548787376535745
                ],
                [
                    10.251018752351062,
                    10.195604241101984,
                    8.537029199729794,
                    6.34658394124458,
                    3.9682092338348065,
                    2.389232587665732
                ]
            ]
        },
        "all": {
            "mean": [
                [
                    2.678373594570387,
                    3.265197974716606,
                    5.077332668833308,
                    6.662420905851072,
                    8.536684480643107,
                    10.546665468265235
                ],
                [
                    3.265197974716606,
                    1.369034688599615,
                    3.8602951125364675,
                    6.270043018908494,
                    8.357897677576322,
                    10.393416570295198
                ],
                [
                    5.077332668833308,
                    3.8602951125364675,
                    2.2178652629660474,
                    3.594327229579109,
                    6.217626076808237,
                    8.684532330932702
                ],
                [
                    6.662420905851072,
                    6.270043018908494,
                    3.594327229579109,
                    1.639328156673726,
                    3.8469612340525443,
                    6.973567535713313
                ],
                [
                    8.536684480643107,
                    8.357897677576322,
                    6.217626076808237,
                    3.8469612340525443,
                    2.506770024943279,
                    4.6028441985173325
                ],
                [
                    10.546665468265235,
                    10.393416570295198,
                    8.684532330932702,
                    6.973567535713313,
                    4.6028441985173325,
                    2.7948839234206133
                ]
            ],
            "median": [
                [
                    2.543563804045002,
                    2.884602106867086,
                    4.960291194489274,
                    6.722674462083381,
                    8.57880117017789,
                    10.402097817817967
                ],
                [
                    2.884602106867086,
                    1.2109079891928234,
                    3.727428277147498,
                    6.260827431942044,
                    8.338305363417973,
                    10.241378743131683
                ],
                [
                    4.960291194489274,
                    3.727428277147498,
                    2.022315039405525,
                    3.6781521811767224,
                    6.17080540632324,
                    8.571600945587972
                ],
                [
                    6.722674462083381,
                    6.260827431942044,
                    3.6781521811767224,
                    1.65627183689225,
                    3.7113197412307537,
                    6.784458209500472
                ],
                [
                    8.57880117017789,
                    8.338305363417973,
                    6.17080540632324,
                    3.7113197412307537,
                    2.2344746641719544,
                    4.432366463048354
                ],
                [
                    10.402097817817967,
                    10.241378743131683,
                    8.571600945587972,
                    6.784458209500472,
                    4.432366463048354,
                    2.555828134055286
                ]
            ],
            "std": [
                [
                    1.3694371083140244,
                    1.2908028255930837,
                    0.8221337314149588,
                    0.48467012359144035,
                    0.6355834997780365,
                    0.7672992719297677
                ],
                [
                    1.2908028255930837,
                    0.6556441990174248,
                    0.8707952639696169,
                    0.4039894704947527,
                    0.4613071635590848,
                    0.6856491994048178
                ],
                [
                    0.8221337314149588,
                    0.8707952639696169,
                    0.9536661560536795,
                    0.700377573932369,
                    0.7435613036549612,
                    0.8854714891649682
                ],
                [
                    0.48467012359144035,
                    0.4039894704947527,
                    0.700377573932369,
                    0.6344301469879912,
                    0.7851821631528616,
                    0.9536907408230985
                ],
                [
                    0.6355834997780365,
                    0.4613071635590848,
                    0.7435613036549612,
                    0.7851821631528616,
                    1.1355068090372893,
                    1.2511352810801457
                ],
                [
                    0.7672992719297677,
                    0.6856491994048178,
                    0.8854714891649682,
                    0.9536907408230985,
                    1.2511352810801457,
                    1.2963909224309502
                ]
            ]
        }
    },
    "2": {
        "0": {
            "p": 2,
            "set": 0,
            "mean": [
                [
                    5.235621702061164,
                    7.45138744404263,
                    13.510371343588442,
                    18.629131050202588,
                    24.34395028956567,
                    28.132601014674723
                ],
                [
                    7.45138744404263,
                    2.398632560975295,
                    8.695370345649858,
                    15.424004078140303,
                    21.96803703444362,
                    25.999583953742917
                ],
                [
                    13.510371343588442,
                    8.695370345649858,
                    2.9036439900632187,
                    8.025035262397596,
                    14.707118995552507,
                    19.17226287194239
                ],
                [
                    18.629131050202588,
                    15.424004078140303,
                    8.025035262397596,
                    3.49349257390975,
                    7.908494839743373,
                    12.639453756099087
                ],
                [
                    24.34395028956567,
                    21.96803703444362,
                    14.707118995552507,
                    7.908494839743373,
                    3.9615864243816317,
                    6.814027388979858
                ],
                [
                    28.132601014674723,
                    25.999583953742917,
                    19.17226287194239,
                    12.639453756099087,
                    6.814027388979858,
                    3.751851194632412
                ]
            ],
            "median": [
                [
                    4.968692753120942,
                    6.612340002786268,
                    13.48063157481489,
                    18.544048221469417,
                    24.651063518280505,
                    28.42675706577767
                ],
                [
                    6.612340002786268,
                    2.4876472861700147,
                    8.707826076209937,
                    15.44867292715638,
                    22.24262806486712,
                    25.983309142783618
                ],
                [
                    13.48063157481489,
                    8.707826076209937,
                    2.7181627964085315,
                    7.882256087186345,
                    14.819078645259875,
                    19.08796643799811
                ],
                [
                    18.544048221469417,
                    15.44867292715638,
                    7.882256087186345,
                    3.0166992091018026,
                    8.256345429010072,
                    12.62438024299755
                ],
                [
                    24.651063518280505,
                    22.24262806486712,
                    14.819078645259875,
                    8.256345429010072,
                    2.6909745379705727,
                    6.029277571196188
                ],
                [
                    28.42675706577767,
                    25.983309142783618,
                    19.08796643799811,
                    12.62438024299755,
                    6.029277571196188,
                    3.216954099827101
                ]
            ],
            "std": [
                [
                    4.968692753120942,
                    1.7958730078248075,
                    0.9253123135647778,
                    1.321349462602517,
                    1.4978602145632496,
                    1.4988524771651555
                ],
                [
                    6.612340002786268,
                    2.4876472861700147,
                    0.7897657233032276,
                    1.0315644105676751,
                    0.7454418100393729,
                    0.8440112450640181
                ],
                [
                    13.48063157481489,
                    8.707826076209937,
                    2.7181627964085315,
                    1.0951842019656504,
                    0.5249889679672808,
                    0.5884421927975062
                ],
                [
                    18.544048221469417,
                    15.44867292715638,
                    7.882256087186345,
                    3.0166992091018026,
                    1.0158668258217896,
                    1.0278866742858166
                ],
                [
                    24.651063518280505,
                    22.24262806486712,
                    14.819078645259875,
                    8.256345429010072,
                    2.6909745379705727,
                    1.4997788661086506
                ],
                [
                    28.42675706577767,
                    25.983309142783618,
                    19.08796643799811,
                    12.62438024299755,
                    6.029277571196188,
                    3.216954099827101
                ]
            ]
        },
        "1": {
            "p": 2,
            "set": 1,
            "mean": [
                [
                    5.17845688327027,
                    7.558152503310295,
                    13.48655541148317,
                    18.77155371007284,
                    24.50577625971239,
                    28.147949754941
                ],
                [
                    7.558152503310295,
                    2.2713442642829933,
                    8.558224788814565,
                    15.449670288439862,
                    22.06257806616031,
                    25.94785747652148
                ],
                [
                    13.48655541148317,
                    8.558224788814565,
                    3.4943992562349484,
                    8.224115788266895,
                    14.995505775704146,
                    19.33280426957891
                ],
                [
                    18.77155371007284,
                    15.449670288439862,
                    8.224115788266895,
                    3.384563929465331,
                    8.087179532196327,
                    12.644272046953235
                ],
                [
                    24.50577625971239,
                    22.06257806616031,
                    14.995505775704146,
                    8.087179532196327,
                    4.215452961006047,
                    6.510880810482121
                ],
                [
                    28.147949754941,
                    25.94785747652148,
                    19.33280426957891,
                    12.644272046953235,
                    6.510880810482121,
                    3.1297236019362886
                ]
            ],
            "median": [
                [
                    4.862550407823281,
                    6.787609435381,
                    13.336954227509237,
                    18.66883116634556,
                    24.781810127033495,
                    28.469479956809526
                ],
                [
                    6.787609435381,
                    2.3149475312170686,
                    8.495526926501803,
                    15.69961416598456,
                    22.22455608998887,
                    25.982421957796937
                ],
                [
                    13.336954227509237,
                    8.495526926501803,
                    3.1768348551089414,
                    8.034939837783812,
                    15.11440074582283,
                    19.21122726929519
                ],
                [
                    18.66883116634556,
                    15.69961416598456,
                    8.034939837783812,
                    3.122407252586388,
                    8.187495996172041,
                    12.517068854528148
                ],
                [
                    24.781810127033495,
                    22.22455608998887,
                    15.11440074582283,
                    8.187495996172041,
                    2.5906357548532335,
                    5.993197019397414
                ],
                [
                    28.469479956809526,
                    25.982421957796937,
                    19.21122726929519,
                    12.517068854528148,
                    5.993197019397414,
                    2.54086676934831
                ]
            ],
            "std": [
                [
                    4.862550407823281,
                    1.7289432741394093,
                    1.1384213823730687,
                    1.4729509204652702,
                    1.6911713157930295,
                    1.5976680424389642
                ],
                [
                    6.787609435381,
                    2.3149475312170686,
                    1.0179763082401754,
                    1.0426464063841776,
                    0.8607685131191638,
                    0.8707781124978494
                ],
                [
                    13.336954227509237,
                    8.495526926501803,
                    3.1768348551089414,
                    0.9950545796298904,
                    0.5079354931955797,
