{
    "info": "results are matrices of values, lines and columns correspond to # qubits, i.e. [3,6,9,12,15,18]. Distances between same qubit counts only take distances between different runs of same qubit count into account.",
    "metric": "bottleneck",
    "homology dimension": 0,
    "1": {
        "0": {
            "p": 1,
            "set": 0,
            "mean": [
                [
                    0.11666844564451395,
                    0.4431587958303544,
                    0.6389296120976724,
                    0.9011189587529543,
                    1.3090536698118398,
                    2.048338811283054
                ],
                [
                    0.4431587958303544,
                    0.179874583562534,
                    0.4575017172980597,
                    0.8762805945267337,
                    1.3085558972709008,
                    2.048338811283054
                ],
                [
                    0.6389296120976724,
                    0.4575017172980597,
                    0.36388855785873775,
                    0.5591767072291816,
                    1.2088173004112446,
                    2.048338811283054
                ],
                [
                    0.9011189587529543,
                    0.8762805945267337,
                    0.5591767072291816,
                    0.2650425476321644,
                    0.8707343704091818,
                    2.011098674444513
                ],
                [
                    1.3090536698118398,
                    1.3085558972709008,
                    1.2088173004112446,
                    0.8707343704091818,
                    0.659776317469273,
                    1.58103960823141
                ],
                [
                    2.048338811283054,
                    2.048338811283054,
                    2.048338811283054,
                    2.011098674444513,
                    1.58103960823141,
                    1.0502901038483685
                ]
            ],
            "median": [
                [
                    0.11364763941793399,
                    0.43592458963394165,
                    0.6544977318260408,
                    0.9275134737226836,
                    1.3111587584108975,
                    2.113878575587705
                ],
                [
                    0.43592458963394165,
                    0.1584733270682932,
                    0.4645723310820813,
                    0.916686851475788,
                    1.3111587584108975,
                    2.113878575587705
                ],
                [
                    0.6544977318260408,
                    0.4645723310820813,
                    0.3298461714662153,
                    0.5448648685664921,
                    1.3062320947647095,
                    2.113878575587705
                ],
                [
                    0.9275134737226836,
                    0.916686851475788,
                    0.5448648685664921,
                    0.26259072115226445,
                    0.7650962190185737,
                    2.113878575587705
                ],
                [
                    1.3111587584108975,
                    1.3111587584108975,
                    1.3062320947647095,
                    0.7650962190185737,
                    0.6386347450102221,
                    1.6195786685670441
                ],
                [
                    2.113878575587705,
                    2.113878575587705,
                    2.113878575587705,
                    2.113878575587705,
                    1.6195786685670441,
                    1.1659274238738533
                ]
            ],
            "std": [
                [
                    0.11364763941793399,
                    0.06735723718248947,
                    0.12618295777359376,
                    0.07619836526260816,
                    0.20089194116596745,
                    0.23675825078204726
                ],
                [
                    0.43592458963394165,
                    0.1584733270682932,
                    0.223337816352025,
                    0.0944547575064302,
                    0.20150617620294733,
                    0.23675825078204726
                ],
                [
                    0.6544977318260408,
                    0.4645723310820813,
                    0.3298461714662153,
                    0.2553858655760394,
                    0.30558804560886443,
                    0.23675825078204726
                ],
                [
                    0.9275134737226836,
                    0.916686851475788,
                    0.5448648685664921,
                    0.26259072115226445,
                    0.3776194516734746,
                    0.31134309613833194
                ],
                [
                    1.3111587584108975,
                    1.3111587584108975,
                    1.3062320947647095,
                    0.7650962190185737,
                    0.6386347450102221,
                    0.5378117800563359
                ],
                [
                    2.113878575587705,
                    2.113878575587705,
                    2.113878575587705,
                    2.113878575587705,
                    1.6195786685670441,
                    1.1659274238738533
                ]
            ]
        },
        "1": {
            "p": 1,
            "set": 1,
            "mean": [
                [
                    0.1469587528893726,
                    0.377154091544262,
                    0.6510745265183551,
                    0.8838006557196423,
                    1.2907275260812638,
                    1.5694139999672871
                ],
                [
                    0.377154091544262,
                    0.11079650478193415,
                    0.49597487924324585,
                    0.8750326446392478,
                    1.2907275260812638,
                    1.5694139999672871
                ],
                [
                    0.6510745265183551,
                    0.49597487924324585,
                    0.3494030957768686,
                    0.548912146543814,
                    1.1761712655070995,
                    1.5282957771338443
                ],
                [
                    0.8838006557196423,
                    0.8750326446392478,
                    0.548912146543814,
                    0.2438627426375916,
                    0.8714832778933419,
                    1.310980969639777
                ],
                [
                    1.2907275260812638,
                    1.2907275260812638,
                    1.1761712655070995,
                    0.8714832778933419,
                    0.9557967496176474,
                    0.9583437199405183
                ],
                [
                    1.5694139999672871,
                    1.5694139999672871,
                    1.5282957771338443,
                    1.310980969639777,
                    0.9583437199405183,
                    0.8185614472796765
                ]
            ],
            "median": [
                [
                    0.14115222702525898,
                    0.3777339177565864,
                    0.625939507673138,
                    0.8401298556665893,
                    1.3500505601941768,
                    1.4037203076528613
                ],
                [
                    0.3777339177565864,
                    0.12274435962191887,
                    0.4332414265281841,
                    0.8369285464286804,
                    1.3500505601941768,
                    1.4037203076528613
                ],
                [
                    0.625939507673138,
                    0.4332414265281841,
                    0.3131973938903059,
                    0.5839721372790336,
                    1.2428375679492092,
                    1.3974297731252818
                ],
                [
                    0.8401298556665893,
                    0.8369285464286804,
                    0.5839721372790336,
                    0.21293502653828966,
                    0.8700334392074183,
                    1.149770350086044
                ],
                [
                    1.3500505601941768,
                    1.3500505601941768,
                    1.2428375679492092,
                    0.8700334392074183,
                    0.9668490346744534,
                    0.8635411780242634
                ],
                [
                    1.4037203076528613,
                    1.4037203076528613,
                    1.3974297731252818,
                    1.149770350086044,
                    0.8635411780242634,
                    0.3823813604142856
                ]
            ],
            "std": [
                [
                    0.14115222702525898,
                    0.06461646633668093,
                    0.1137833692492898,
                    0.07523255902956143,
                    0.30454327638953027,
                    0.3182191356899928
                ],
                [
                    0.3777339177565864,
                    0.12274435962191887,
                    0.20921077914427877,
                    0.08301341422819519,
                    0.30454327638953027,
                    0.3182191356899928
                ],
                [
                    0.625939507673138,
                    0.4332414265281841,
                    0.3131973938903059,
                    0.23327179764804137,
                    0.41813722737899933,
                    0.34668658822840503
                ],
                [
                    0.8401298556665893,
                    0.8369285464286804,
                    0.5839721372790336,
                    0.21293502653828966,
                    0.5345551433080039,
                    0.4598991061489653
                ],
                [
                    1.3500505601941768,
                    1.3500505601941768,
                    1.2428375679492092,
                    0.8700334392074183,
                    0.9668490346744534,
                    0.4670371999964405
                ],
                [
                    1.4037203076528613,
                    1.4037203076528613,
                    1.3974297731252818,
                    1.149770350086044,
                    0.8635411780242634,
                    0.3823813604142856
                ]
            ]
        },
        "2": {
            "p": 1,
            "set": 2,
            "mean": [
                [
                    0.12659566207356504,
                    0.3963068244464921,
                    0.6819496242507875,
                    0.990033110271836,
                    1.297985265913669,
                    1.76981981714365
                ],
                [
                    0.3963068244464921,
                    0.14515234564590856,
                    0.5644304984232394,
                    0.9797917365765829,
                    1.2979848157107767,
                    1.76981981714365
                ],
                [
                    0.6819496242507875,
                    0.5644304984232394,
                    0.42523804571901563,
                    0.6747668179056967,
                    1.145810316462074,
                    1.7657925434280446
                ],
                [
                    0.990033110271836,
                    0.9797917365765829,
                    0.6747668179056967,
                    0.5169916501767503,
                    0.7614109179305797,
                    1.5610746277530883
                ],
                [
                    1.297985265913669,
                    1.2979848157107767,
                    1.145810316462074,
                    0.7614109179305797,
                    0.605947097776491,
                    1.1240008360180616
                ],
                [
                    1.76981981714365,
                    1.76981981714365,
                    1.7657925434280446,
                    1.5610746277530883,
                    1.1240008360180616,
                    0.6150548325972153
                ]
            ],
            "median": [
                [
                    0.11333370714191915,
                    0.4166678369510919,
                    0.7387036681175232,
                    0.9286303241491964,
                    1.2462569736612181,
                    1.7989936388746628
                ],
                [
                    0.4166678369510919,
                    0.14010008687432673,
                    0.6400621043740102,
                    0.9286303241491964,
                    1.2462569736612181,
                    1.7989936388746628
                ],
                [
                    0.7387036681175232,
                    0.6400621043740102,
                    0.472932183512512,
                    0.5878027394783203,
                    1.115389396126659,
                    1.7989936388746628
                ],
                [
                    0.9286303241491964,
                    0.9286303241491964,
                    0.5878027394783203,
                    0.4621177267950429,
                    0.6015839939167336,
                    1.4868535058526504
                ],
                [
                    1.2462569736612181,
                    1.2462569736612181,
                    1.115389396126659,
                    0.6015839939167336,
                    0.5034229547603957,
                    0.9314153012215058
                ],
                [
                    1.7989936388746628,
                    1.7989936388746628,
                    1.7989936388746628,
                    1.4868535058526504,
                    0.9314153012215058,
                    0.5214777400056363
                ]
            ],
            "std": [
                [
                    0.11333370714191915,
                    0.04795268655116099,
                    0.10951080648683471,
                    0.17508117324188618,
                    0.2136435676227721,
                    0.20877860958310862
                ],
                [
                    0.4166678369510919,
                    0.14010008687432673,
                    0.1906116077874041,
                    0.19028029436438731,
                    0.2136440912028308,
                    0.20877860958310862
                ],
                [
                    0.7387036681175232,
                    0.6400621043740102,
                    0.472932183512512,
                    0.32050059689391736,
                    0.32650402295518594,
                    0.21492107991394027
                ],
                [
                    0.9286303241491964,
                    0.9286303241491964,
                    0.5878027394783203,
                    0.4621177267950429,
                    0.3806235229364315,
                    0.3258043988967797
                ],
                [
                    1.2462569736612181,
                    1.2462569736612181,
                    1.115389396126659,
                    0.6015839939167336,
                    0.5034229547603957,
                    0.3780055533120827
                ],
                [
                    1.7989936388746628,
                    1.7989936388746628,
                    1.7989936388746628,
                    1.4868535058526504,
                    0.9314153012215058,
                    0.5214777400056363
                ]
            ]
        },
        "3": {
            "p": 1,
            "set": 3,
            "mean": [
                [
                    0.1448270309161302,
                    0.43430606790236653,
                    0.6488529863478288,
                    0.9466313093151826,
                    1.390440564592757,
                    2.7331538107795383
                ],
                [
                    0.43430606790236653,
                    0.14438084198927328,
                    0.47360647800893785,
                    0.9196632337496362,
                    1.390440564592757,
                    2.7331538107795383
                ],
                [
                    0.6488529863478288,
                    0.47360647800893785,
                    0.4231732535748677,
                    0.6359936186786047,
                    1.2968404704860483,
                    2.7319032441164337
                ],
                [
                    0.9466313093151826,
                    0.9196632337496362,
                    0.6359936186786047,
                    0.2921574726375617,
                    0.9814368168440535,
                    2.6759637471962434
                ],
                [
                    1.390440564592757,
                    1.390440564592757,
                    1.2968404704860483,
                    0.9814368168440535,
                    0.9523693709621952,
                    2.385959039720547
                ],
                [
                    2.7331538107795383,
                    2.7331538107795383,
                    2.7319032441164337,
                    2.6759637471962434,
                    2.385959039720547,
                    1.889559677008534
                ]
            ],
            "median": [
                [
                    0.1288997607790634,
                    0.4549834531185297,
                    0.676856472206623,
                    0.8924283037210898,
                    1.2397545426566126,
                    3.176034307402176
                ],
                [
                    0.4549834531185297,
                    0.1324449400112826,
                    0.5430463763830176,
                    0.8885276913642883,
                    1.2397545426566126,
                    3.176034307402176
                ],
                [
                    0.676856472206623,
                    0.5430463763830176,
                    0.4296982807627501,
                    0.6675144594579479,
                    1.2094051229530578,
                    3.176034307402176
                ],
                [
                    0.8924283037210898,
                    0.8885276913642883,
                    0.6675144594579479,
                    0.2558498529397468,
                    0.8240855532619946,
                    3.176034307402176
                ],
                [
                    1.2397545426566126,
                    1.2397545426566126,
                    1.2094051229530578,
                    0.8240855532619946,
                    0.5979562092775268,
                    2.698773320027101
                ],
                [
                    3.176034307402176,
                    3.176034307402176,
                    3.176034307402176,
                    3.176034307402176,
                    2.698773320027101,
                    1.9218258492117002
                ]
            ],
            "std": [
                [
                    0.1288997607790634,
                    0.0599468994683049,
                    0.13275576976011902,
                    0.08776161127535657,
                    0.34174863170231673,
                    0.6932884760796751
                ],
                [
                    0.4549834531185297,
                    0.1324449400112826,
                    0.23013286266748223,
                    0.11561684800459107,
                    0.34174863170231673,
                    0.6932884760796751
                ],
                [
                    0.676856472206623,
                    0.5430463763830176,
                    0.4296982807627501,
                    0.2592306796112812,
                    0.4205066451696932,
                    0.6953427911539514
                ],
                [
                    0.8924283037210898,
                    0.8885276913642883,
                    0.6675144594579479,
                    0.2558498529397468,
                    0.5656934705778155,
                    0.7928971148680299
                ],
                [
                    1.2397545426566126,
                    1.2397545426566126,
                    1.2094051229530578,
                    0.8240855532619946,
                    0.5979562092775268,
                    1.0000176607826652
                ],
                [
                    3.176034307402176,
                    3.176034307402176,
                    3.176034307402176,
                    3.176034307402176,
                    2.698773320027101,
                    1.9218258492117002
                ]
            ]
        },
        "4": {
            "p": 1,
            "set": 4,
            "mean": [
                [
                    0.15535194081621312,
                    0.3672007659825613,
                    0.6585800250297439,
                    0.9283648816797745,
                    1.1749819105572874,
                    1.5721362130040517
                ],
                [
                    0.3672007659825613,
                    0.12259731248664991,
                    0.5282301086777966,
                    0.917668744053667,
                    1.1749818228434947,
                    1.5721362130040517
                ],
                [
                    0.6585800250297439,
                    0.5282301086777966,
                    0.4138868301419564,
                    0.5751218735629482,
                    0.9953470398450293,
                    1.5621083848244064
                ],
                [
                    0.9283648816797745,
                    0.917668744053667,
                    0.5751218735629482,
                    0.35909095668270796,
                    0.6637723300504217,
                    1.3900814740010288
                ],
                [
                    1.1749819105572874,
                    1.1749818228434947,
                    0.9953470398450293,
                    0.6637723300504217,
                    0.38587635121514696,
                    0.8934142555854191
                ],
                [
                    1.5721362130040517,
                    1.5721362130040517,
                    1.5621083848244064,
                    1.3900814740010288,
                    0.8934142555854191,
                    0.33913127925104336
                ]
            ],
            "median": [
                [
                    0.14784898635116406,
                    0.3666753875404538,
                    0.6850189108039331,
                    0.8852694253153004,
                    1.1739192008972168,
                    1.602804183959961
                ],
                [
                    0.3666753875404538,
                    0.11152347047175226,
                    0.575736350042007,
                    0.8819501996040344,
                    1.1739192008972168,
                    1.602804183959961
                ],
                [
                    0.6850189108039331,
                    0.575736350042007,
                    0.3710066350630541,
                    0.5574534638169268,
                    1.0273366825294943,
                    1.602804183959961
                ],
                [
                    0.8852694253153004,
                    0.8819501996040344,
                    0.5574534638169268,
                    0.34514243213902773,
                    0.6273502785358005,
                    1.4164068599218353
                ],
                [
                    1.1739192008972168,
                    1.1739192008972168,
                    1.0273366825294943,
                    0.6273502785358005,
                    0.3105983591240147,
                    0.8976729935332628
                ],
                [
                    1.602804183959961,
                    1.602804183959961,
                    1.602804183959961,
                    1.4164068599218353,
                    0.8976729935332628,
                    0.3524090435507219
                ]
            ],
            "std": [
                [
                    0.14784898635116406,
                    0.06371174558999824,
                    0.12242686064578942,
                    0.11385312029791923,
                    0.127130647434427,
                    0.054552080780658686
                ],
                [
                    0.3666753875404538,
                    0.11152347047175226,
                    0.2328757157036285,
                    0.12894550619473993,
                    0.12713073823964546,
                    0.054552080780658686
                ],
                [
                    0.6850189108039331,
                    0.575736350042007,
                    0.3710066350630541,
                    0.28513057849895035,
                    0.2525453569790004,
                    0.07148838221821209
                ],
                [
                    0.8852694253153004,
                    0.8819501996040344,
                    0.5574534638169268,
                    0.34514243213902773,
                    0.20474851685573028,
                    0.1651158665087437
                ],
                [
                    1.1739192008972168,
                    1.1739192008972168,
                    1.0273366825294943,
                    0.6273502785358005,
                    0.3105983591240147,
                    0.18938853599181882
                ],
                [
                    1.602804183959961,
                    1.602804183959961,
                    1.602804183959961,
                    1.4164068599218353,
                    0.8976729935332628,
                    0.3524090435507219
                ]
            ]
        },
        "all": {
            "mean": [
                [
                    0.138080366467959,
                    0.40362530914120726,
                    0.6558773548488775,
                    0.929989783147878,
                    1.2926377873913635,
                    1.9385725304355161
                ],
                [
                    0.40362530914120726,
                    0.14056031769325997,
                    0.5039487363302558,
                    0.9136873907091736,
                    1.2925381252998387,
                    1.9385725304355161
                ],
                [
                    0.6558773548488775,
                    0.5039487363302558,
                    0.3951179566142892,
                    0.598794232784049,
                    1.164597278542299,
                    1.9272877521571565
                ],
                [
                    0.929989783147878,
                    0.9136873907091736,
                    0.598794232784049,
                    0.3354290739533552,
                    0.8297675426255157,
                    1.7898398986069302
                ],
                [
                    1.2926377873913635,
                    1.2925381252998387,
                    1.164597278542299,
                    0.8297675426255157,
                    0.7119531774081507,
                    1.3885514918991912
                ],
                [
                    1.9385725304355161,
                    1.9385725304355161,
                    1.9272877521571565,
                    1.7898398986069302,
                    1.3885514918991912,
                    0.9425194679969675
                ]
            ],
            "median": [
                [
                    0.12772113989746003,
                    0.4101105342945175,
                    0.6846688389778137,
                    0.8958690123029669,
                    1.2382462620735168,
                    1.6337300610742318
                ],
                [
                    0.4101105342945175,
                    0.13164387515217868,
                    0.5500604681038794,
                    0.8925513261087303,
                    1.2382462620735168,
                    1.6337300610742318
                ],
                [
                    0.6846688389778137,
                    0.5500604681038794,
                    0.40541352418028964,
                    0.5871317052266818,
                    1.1626073437452646,
                    1.6337300610742318
                ],
                [
                    0.8958690123029669,
                    0.8925513261087303,
                    0.5871317052266818,
                    0.30065710009949953,
                    0.698595689978049,
                    1.5554642041807654
                ],
                [
                    1.2382462620735168,
                    1.2382462620735168,
                    1.1626073437452646,
                    0.698595689978049,
                    0.5979562092775268,
                    1.039824979986463
                ],
                [
                    1.6337300610742318,
                    1.6337300610742318,
                    1.6337300610742318,
                    1.5554642041807654,
                    1.039824979986463,
                    0.6178105629541122
                ]
            ],
            "std": [
                [
                    0.06833324012721877,
                    0.06819061666201336,
                    0.12208238517889414,
                    0.11801349183013102,
                    0.25900273990672434,
                    0.5704332313447916
                ],
                [
                    0.06819061666201336,
                    0.05984635230828759,
                    0.22116199401939055,
                    0.13366265140462674,
                    0.2590920228085922,
                    0.5704332313447916
                ],
                [
                    0.12208238517889414,
                    0.22116199401939055,
                    0.1788243329281444,
                    0.27663408178352195,
                    0.36441978268908326,
                    0.5816768921113382
                ],
                [
                    0.11801349183013102,
                    0.13366265140462674,
                    0.27663408178352195,
                    0.17998505851208607,
                    0.44582509273657,
                    0.685004590319914
                ],
                [
                    0.25900273990672434,
                    0.2590920228085922,
                    0.36441978268908326,
                    0.44582509273657,
                    0.44588180715485914,
                    0.8022788723966711
                ],
                [
                    0.5704332313447916,
                    0.5704332313447916,
                    0.5816768921113382,
                    0.685004590319914,
                    0.8022788723966711,
                    0.7859870528521867
                ]
            ]
        }
    },
    "2": {
        "0": {
            "p": 2,
            "set": 0,
            "mean": [
                [
                    0.4572236220908053,
                    1.4827759292090195,
                    2.045139259134012,
                    2.233890574597899,
                    2.5468212171361664,
                    4.025874456618476
                ],
                [
                    1.4827759292090195,
                    0.5593422869801998,
                    1.1071538421998413,
                    1.6799448079774448,
                    2.064090325335783,
                    4.017004105598317
                ],
                [
                    2.045139259134012,
                    1.1071538421998413,
                    0.4700986503596596,
                    0.9503121521379216,
                    1.2607742659062204,
                    3.7779359962815944
                ],
                [
                    2.233890574597899,
                    1.6799448079774448,
                    0.9503121521379216,
                    0.5606189920586531,
                    0.8756237736772163,
                    3.510328515844303
                ],
                [
                    2.5468212171361664,
                    2.064090325335783,
                    1.2607742659062204,
                    0.8756237736772163,
                    0.5357501888345724,
                    2.9772123571695555
                ],
                [
                    4.025874456618476,
                    4.017004105598317,
                    3.7779359962815944,
                    3.510328515844303,
                    2.9772123571695555,
                    1.4942871056030071
                ]
            ],
            "median": [
                [
                    0.41688363440334797,
                    1.535918591544032,
                    2.0162031650543213,
                    2.182391729838855,
                    2.526972912804922,
                    4.012021614475088
                ],
                [
                    1.535918591544032,
                    0.49587670017717755,
                    1.0790531865368393,
                    1.7051586831221357,
                    2.0548637257852533,
                    4.012021614475088
                ],
                [
                    2.0162031650543213,
                    1.0790531865368393,
                    0.45662549273492914,
                    0.956120945756993,
                    1.207726353106409,
                    3.9331320566270733
                ],
                [
                    2.182391729838855,
                    1.7051586831221357,
                    0.956120945756993,
                    0.5035330616410647,
                    0.8739280224690447,
                    3.5616857160348445
                ],
                [
                    2.526972912804922,
                    2.0548637257852533,
                    1.207726353106409,
                    0.8739280224690447,
                    0.5157979909890855,
                    2.9536230232479284
                ],
                [
                    4.012021614475088,
                    4.012021614475088,
                    3.9331320566270733,
                    3.5616857160348445,
                    2.9536230232479284,
                    1.4133444558474366
                ]
            ],
            "std": [
                [
                    0.41688363440334797,
                    0.22884546937915703,
                    0.12423165931272641,
                    0.13838247777157436,
                    0.15888594420671417,
                    0.466028889454014
                ],
                [
                    1.535918591544032,
                    0.49587670017717755,
                    0.1972423892402188,
                    0.16070350130502004,
                    0.21024088647879838,
                    0.4806364450749928
                ],
                [
                    2.0162031650543213,
                    1.0790531865368393,
                    0.45662549273492914,
                    0.1160965764023027,
                    0.16310356897005365,
                    0.7216639995629336
                ],
                [
                    2.182391729838855,
                    1.7051586831221357,
                    0.956120945756993,
                    0.5035330616410647,
                    0.2603029151081217,
                    0.8619990440826283
                ],
                [
                    2.526972912804922,
                    2.0548637257852533,
                    1.207726353106409,
                    0.8739280224690447,
                    0.5157979909890855,
                    0.9320884547392169
                ],
                [
                    4.012021614475088,
                    4.012021614475088,
                    3.9331320566270733,
                    3.5616857160348445,
                    2.9536230232479284,
                    1.4133444558474366
                ]
            ]
        },
        "1": {
            "p": 2,
            "set": 1,
            "mean": [
                [
                    0.3381176897603382,
                    1.7863445106035214,
                    1.991991512924069,
                    1.9640606713012676,
                    2.5868032426404532,
                    3.37418248306858
                ],
                [
                    1.7863445106035214,
                    0.45611318761784786,
                    1.0408721367008185,
                    1.2713077595410869,
                    2.0072488356412213,
                    3.185886563648819
                ],
                [
                    1.991991512924069,
                    1.0408721367008185,
                    0.9532670501266693,
                    0.7820428307264774,
                    1.5647222688303009,
                    2.8986424910616915
                ],
                [
                    1.9640606713012676,
                    1.2713077595410869,
                    0.7820428307264774,
                    0.33070644036561136,
                    1.3179504303633438,
                    2.8283420085228137
                ],
                [
                    2.5868032426404532,
                    2.0072488356412213,
                    1.5647222688303009,
                    1.3179504303633438,
                    0.8577240021432317,
                    1.7537997182706748
                ],
                [
                    3.37418248306858,
                    3.185886563648819,
                    2.8986424910616915,
                    2.8283420085228137,
                    1.7537997182706748,
                    0.7366787036231927
                ]
            ],
            "median": [
                [
                    0.27356394434536924,
                    1.8710707426071167,
                    1.878420352935791,
                    1.9625425934791565,
                    2.5998087805928662,
                    3.5314898967990302
                ],
                [
                    1.8710707426071167,
                    0.4583096456481144,
                    0.9566877844135888,
                    1.2621365435115877,
                    1.9935733846214134,
                    3.2812982848263346
                ],
                [
                    1.878420352935791,
                    0.9566877844135888,
                    0.593568713607965,
                    0.6318533645880962,
                    1.4325753673765576,
                    2.8134029342654685
                ],
                [
                    1.9625425934791565,
                    1.2621365435115877,
                    0.6318533645880962,
                    0.3243984442706278,
                    1.2702082570176572,
                    3.1314420105627505
                ],
                [
                    2.5998087805928662,
                    1.9935733846214134,
                    1.4325753673765576,
                    1.2702082570176572,
                    0.7694971206501577,
                    1.6464410471526207
                ],
                [
                    3.5314898967990302,
                    3.2812982848263346,
                    2.8134029342654685,
                    3.1314420105627505,
                    1.6464410471526207,
                    0.8987261502443289
                ]
            ],
            "std": [
                [
                    0.27356394434536924,
                    0.19192882015102275,
                    0.3639686095532612,
                    0.03276261754426776,
                    0.28321018448844115,
                    0.24005479385105577
                ],
