{
    "info": "results are matrices of values, lines and columns correspond to # qubits, i.e. [3,6,9,12,15,18]. Distances between same qubit counts only take distances between different runs of same qubit count into account.",
    "metric": "wasserstein",
    "homology dimension": 1,
    "1": {
        "0": {
            "p": 1,
            "set": 0,
            "mean": [
                [
                    0.9281833605481751,
                    1.0088533636933865,
                    1.3536420464914658,
                    1.5499729784026233,
                    1.7827465063131838,
                    1.8920656180853734
                ],
                [
                    1.0088533636933865,
                    0.7178417408098637,
                    1.2686534712523598,
                    1.6231629334289936,
                    1.9069397411302356,
                    2.016901941227801
                ],
                [
                    1.3536420464914658,
                    1.2686534712523598,
                    0.8782408162890899,
                    1.107973306309605,
                    1.479012757936512,
                    1.6202527798984243
                ],
                [
                    1.5499729784026233,
                    1.6231629334289936,
                    1.107973306309605,
                    0.8502429394763027,
                    1.084476986208956,
                    1.2764287310247107
                ],
                [
                    1.7827465063131838,
                    1.9069397411302356,
                    1.479012757936512,
                    1.084476986208956,
                    0.8794674590267213,
                    0.9367000254184705
                ],
                [
                    1.8920656180853734,
                    2.016901941227801,
                    1.6202527798984243,
                    1.2764287310247107,
                    0.9367000254184705,
                    0.8636265946867973
                ]
            ],
            "median": [
                [
                    0.846988333912595,
                    0.9390238019850405,
                    1.3332336568998628,
                    1.5506578031339275,
                    1.7832823589371318,
                    1.8922469108285673
                ],
                [
                    0.9390238019850405,
                    0.720683376210904,
                    1.2559099536357143,
                    1.5954998238800813,
                    1.9547465330896066,
                    2.0315052040594974
                ],
                [
                    1.3332336568998628,
                    1.2559099536357143,
                    0.8718293158510411,
                    1.1018306117283336,
                    1.491209873537222,
                    1.588667183551959
                ],
                [
                    1.5506578031339275,
                    1.5954998238800813,
                    1.1018306117283336,
                    0.8400497284081394,
                    1.074556119570858,
                    1.2587267228671124
                ],
                [
                    1.7832823589371318,
                    1.9547465330896066,
                    1.491209873537222,
                    1.074556119570858,
                    0.843014368718233,
                    0.9241180970115688
                ],
                [
                    1.8922469108285673,
                    2.0315052040594974,
                    1.588667183551959,
                    1.2587267228671124,
                    0.9241180970115688,
                    0.8326234191980704
                ]
            ],
            "std": [
                [
                    0.846988333912595,
                    0.25312947414496206,
                    0.19416652762485498,
                    0.24813951527989866,
                    0.1810940900844587,
                    0.16281764679280178
                ],
                [
                    0.9390238019850405,
                    0.720683376210904,
                    0.17084414347141322,
                    0.20890395237945267,
                    0.1356823483897534,
                    0.13183432284096142
                ],
                [
                    1.3332336568998628,
                    1.2559099536357143,
                    0.8718293158510411,
                    0.12159530047348632,
                    0.08374251236767635,
                    0.10540802675154398
                ],
                [
                    1.5506578031339275,
                    1.5954998238800813,
                    1.1018306117283336,
                    0.8400497284081394,
                    0.11066872755358163,
                    0.1223732496937413
                ],
                [
                    1.7832823589371318,
                    1.9547465330896066,
                    1.491209873537222,
                    1.074556119570858,
                    0.843014368718233,
                    0.12465773185141754
                ],
                [
                    1.8922469108285673,
                    2.0315052040594974,
                    1.588667183551959,
                    1.2587267228671124,
                    0.9241180970115688,
                    0.8326234191980704
                ]
            ]
        },
        "1": {
            "p": 1,
            "set": 1,
            "mean": [
                [
                    0.9365316339433715,
                    0.9999697980580007,
                    1.3391636042706951,
                    1.5372976233088789,
                    1.8457612408003954,
                    1.9226344155401132
                ],
                [
                    0.9999697980580007,
                    0.72372393177444,
                    1.246638109491168,
                    1.6310657424181267,
                    1.9578904361391478,
                    2.037775408037747
                ],
                [
                    1.3391636042706951,
                    1.246638109491168,
                    0.8326089191828085,
                    1.1318778224658492,
                    1.5389681764064402,
                    1.6857834252726227
                ],
                [
                    1.5372976233088789,
                    1.6310657424181267,
                    1.1318778224658492,
                    0.8602577501902523,
                    1.087663979715488,
                    1.3035441566901005
                ],
                [
                    1.8457612408003954,
                    1.9578904361391478,
                    1.5389681764064402,
                    1.087663979715488,
                    0.8514105442942348,
                    0.9512597871700101
                ],
                [
                    1.9226344155401132,
                    2.037775408037747,
                    1.6857834252726227,
                    1.3035441566901005,
                    0.9512597871700101,
                    0.8949210832606436
                ]
            ],
            "median": [
                [
                    0.9069134990458405,
                    0.8973611762755453,
                    1.3163914392293496,
                    1.5791316872934318,
                    1.8893942154676773,
                    1.9298054631183947
                ],
                [
                    0.8973611762755453,
                    0.7275050039694788,
                    1.2278270738614294,
                    1.643471991464979,
                    1.9829146290315225,
                    2.05473350058618
                ],
                [
                    1.3163914392293496,
                    1.2278270738614294,
                    0.8683247584786895,
                    1.1091290787163306,
                    1.5223176791533972,
                    1.6703802262409786
                ],
                [
                    1.5791316872934318,
                    1.643471991464979,
                    1.1091290787163306,
                    0.8471678228458674,
                    1.1193064927575345,
                    1.3210521683522958
                ],
                [
                    1.8893942154676773,
                    1.9829146290315225,
                    1.5223176791533972,
                    1.1193064927575345,
                    0.8000583699868231,
                    0.928897560049758
                ],
                [
                    1.9298054631183947,
                    2.05473350058618,
                    1.6703802262409786,
                    1.3210521683522958,
                    0.928897560049758,
                    0.8987611656994884
                ]
            ],
            "std": [
                [
                    0.9069134990458405,
                    0.258542226565489,
                    0.17723117222384296,
                    0.26933955341947113,
                    0.18623203791129586,
                    0.14629224229022694
                ],
                [
                    0.8973611762755453,
                    0.7275050039694788,
                    0.16393382202548012,
                    0.24980034677935126,
                    0.15856983870291094,
                    0.13973894971315895
                ],
                [
                    1.3163914392293496,
                    1.2278270738614294,
                    0.8683247584786895,
                    0.15625097081714617,
                    0.08815474771628419,
                    0.08880655803941574
                ],
                [
                    1.5791316872934318,
                    1.643471991464979,
                    1.1091290787163306,
                    0.8471678228458674,
                    0.13487399930765195,
                    0.11301902161104227
                ],
                [
                    1.8893942154676773,
                    1.9829146290315225,
                    1.5223176791533972,
                    1.1193064927575345,
                    0.8000583699868231,
                    0.1413236355358705
                ],
                [
                    1.9298054631183947,
                    2.05473350058618,
                    1.6703802262409786,
                    1.3210521683522958,
                    0.928897560049758,
                    0.8987611656994884
                ]
            ]
        },
        "2": {
            "p": 1,
            "set": 2,
            "mean": [
                [
                    0.9387208578780012,
                    1.0273517702197446,
                    1.3054103741269751,
                    1.6244036259847903,
                    1.824204277617418,
                    1.9427307340144981
                ],
                [
                    1.0273517702197446,
                    0.7042088739377679,
                    1.2339274484674252,
                    1.6613444147659522,
                    1.9437248158012383,
                    2.0688331798763078
                ],
                [
                    1.3054103741269751,
                    1.2339274484674252,
                    0.8141620702765515,
                    1.1098691851152798,
                    1.4911504700718943,
                    1.6573234381064
                ],
                [
                    1.6244036259847903,
                    1.6613444147659522,
                    1.1098691851152798,
                    0.8656405204997238,
                    1.124980328770195,
                    1.3462980253286025
                ],
                [
                    1.824204277617418,
                    1.9437248158012383,
                    1.4911504700718943,
                    1.124980328770195,
                    0.9281579779380141,
                    0.9852933423147505
                ],
                [
                    1.9427307340144981,
                    2.0688331798763078,
                    1.6573234381064,
                    1.3462980253286025,
                    0.9852933423147505,
                    0.8569575212854463
                ]
            ],
            "median": [
                [
                    0.8715056423005262,
                    0.9165370875154493,
                    1.2882748129983659,
                    1.633623351430704,
                    1.8600791239599639,
                    1.9434911746257564
                ],
                [
                    0.9165370875154493,
                    0.7209509908023515,
                    1.2049427249610105,
                    1.644532146638765,
                    1.9622560834804097,
                    2.1198963440245855
                ],
                [
                    1.2882748129983659,
                    1.2049427249610105,
                    0.8724960360037404,
                    1.156876102895154,
                    1.4732277001339118,
                    1.6339364655886903
                ],
                [
                    1.633623351430704,
                    1.644532146638765,
                    1.156876102895154,
                    0.8480937609055665,
                    1.1304110750842056,
                    1.3546848135747207
                ],
                [
                    1.8600791239599639,
                    1.9622560834804097,
                    1.4732277001339118,
                    1.1304110750842056,
                    0.8522730938844032,
                    0.9768911826748142
                ],
                [
                    1.9434911746257564,
                    2.1198963440245855,
                    1.6339364655886903,
                    1.3546848135747207,
                    0.9768911826748142,
                    0.8754422259182693
                ]
            ],
            "std": [
                [
                    0.8715056423005262,
                    0.2573505420776143,
                    0.18302197434332515,
                    0.2502159395530047,
                    0.18827278657370142,
                    0.14565420246770167
                ],
                [
                    0.9165370875154493,
                    0.7209509908023515,
                    0.17545988248316355,
                    0.2356284068484301,
                    0.16761200014163355,
                    0.13182332633701888
                ],
                [
                    1.2882748129983659,
                    1.2049427249610105,
                    0.8724960360037404,
                    0.16597829578069687,
                    0.10738354610064431,
                    0.08145260858956863
                ],
                [
                    1.633623351430704,
                    1.644532146638765,
                    1.156876102895154,
                    0.8480937609055665,
                    0.1481776708045316,
                    0.08647002516416907
                ],
                [
                    1.8600791239599639,
                    1.9622560834804097,
                    1.4732277001339118,
                    1.1304110750842056,
                    0.8522730938844032,
                    0.12271317326181692
                ],
                [
                    1.9434911746257564,
                    2.1198963440245855,
                    1.6339364655886903,
                    1.3546848135747207,
                    0.9768911826748142,
                    0.8754422259182693
                ]
            ]
        },
        "3": {
            "p": 1,
            "set": 3,
            "mean": [
                [
                    0.9306698026619771,
                    1.0184322117110636,
                    1.4320701720951563,
                    1.6339763444621036,
                    1.879357348040761,
                    1.9247251320417573
                ],
                [
                    1.0184322117110636,
                    0.7119563539414153,
                    1.2965860253631734,
                    1.6842652344233766,
                    2.005911377140242,
                    2.0508916121075904
                ],
                [
                    1.4320701720951563,
                    1.2965860253631734,
                    0.8368219809352648,
                    1.1834702590822799,
                    1.562976000145192,
                    1.7104721558618623
                ],
                [
                    1.6339763444621036,
                    1.6842652344233766,
                    1.1834702590822799,
                    0.9403135488138961,
                    1.1217752392463805,
                    1.3395106268814692
                ],
                [
                    1.879357348040761,
                    2.005911377140242,
                    1.562976000145192,
                    1.1217752392463805,
                    0.926233985780135,
                    0.9978898214830443
                ],
                [
                    1.9247251320417573,
                    2.0508916121075904,
                    1.7104721558618623,
                    1.3395106268814692,
                    0.9978898214830443,
                    0.9241060973418659
                ]
            ],
            "median": [
                [
                    0.8693225681964398,
                    0.9465293012361286,
                    1.4368707846392204,
                    1.668538846885702,
                    1.9077585973145395,
                    1.9470220911225997
                ],
                [
                    0.9465293012361286,
                    0.7087291393050075,
                    1.2804118250956318,
                    1.6564874767249052,
                    2.0346580236519514,
                    2.0604935451597033
                ],
                [
                    1.4368707846392204,
                    1.2804118250956318,
                    0.8248790406631892,
                    1.1795457444037767,
                    1.544586149770589,
                    1.6924750862266293
                ],
                [
                    1.668538846885702,
                    1.6564874767249052,
                    1.1795457444037767,
                    0.9651938005495709,
                    1.116227135201417,
                    1.348121913124329
                ],
                [
                    1.9077585973145395,
                    2.0346580236519514,
                    1.544586149770589,
                    1.116227135201417,
                    0.9149191754127153,
                    0.974382179420261
                ],
                [
                    1.9470220911225997,
                    2.0604935451597033,
                    1.6924750862266293,
                    1.348121913124329,
                    0.974382179420261,
                    0.9451567246179221
                ]
            ],
            "std": [
                [
                    0.8693225681964398,
                    0.25051567361333643,
                    0.18446500108655797,
                    0.23359235589194197,
                    0.1898504948404731,
                    0.17962994063142895
                ],
                [
                    0.9465293012361286,
                    0.7087291393050075,
                    0.15016723939691895,
                    0.19447649736657688,
                    0.14790510104492027,
                    0.14516684975551392
                ],
                [
                    1.4368707846392204,
                    1.2804118250956318,
                    0.8248790406631892,
                    0.11916033621870221,
                    0.11451638489107276,
                    0.09520512717794587
                ],
                [
                    1.668538846885702,
                    1.6564874767249052,
                    1.1795457444037767,
                    0.9651938005495709,
                    0.13562916110018303,
                    0.1149421661307784
                ],
                [
                    1.9077585973145395,
                    2.0346580236519514,
                    1.544586149770589,
                    1.116227135201417,
                    0.9149191754127153,
                    0.11846409273915941
                ],
                [
                    1.9470220911225997,
                    2.0604935451597033,
                    1.6924750862266293,
                    1.348121913124329,
                    0.974382179420261,
                    0.9451567246179221
                ]
            ]
        },
        "4": {
            "p": 1,
            "set": 4,
            "mean": [
                [
                    0.9150225088302854,
                    1.006565630467764,
                    1.3725056999488254,
                    1.6611244402198562,
                    1.9162747054446598,
                    1.9374506849536266
                ],
                [
                    1.006565630467764,
                    0.6972240263749134,
                    1.2722484761899242,
                    1.7301936082677336,
                    2.0285172343154216,
                    2.072842973991581
                ],
                [
                    1.3725056999488254,
                    1.2722484761899242,
                    0.8486343160377956,
                    1.1791924855835807,
                    1.5422040111061528,
                    1.6823827181083686
                ],
                [
                    1.6611244402198562,
                    1.7301936082677336,
                    1.1791924855835807,
                    0.9276535591585748,
                    1.1069489407535047,
                    1.3117987979875345
                ],
                [
                    1.9162747054446598,
                    2.0285172343154216,
                    1.5422040111061528,
                    1.1069489407535047,
                    0.9160523260503567,
                    0.9841588340810697
                ],
                [
                    1.9374506849536266,
                    2.072842973991581,
                    1.6823827181083686,
                    1.3117987979875345,
                    0.9841588340810697,
                    0.8516625930385683
                ]
            ],
            "median": [
                [
                    0.8427794977358416,
                    0.9269731527266072,
                    1.3796866154001834,
                    1.675340584058846,
                    1.981575300979305,
                    1.9497273368177632
                ],
                [
                    0.9269731527266072,
                    0.6659709384858582,
                    1.2691087222105633,
                    1.7167628404926716,
                    2.045395545568675,
                    2.0905812539204853
                ],
                [
                    1.3796866154001834,
                    1.2691087222105633,
                    0.9064042530782616,
                    1.1651923284062606,
                    1.527871015729659,
                    1.6837109568771902
                ],
                [
                    1.675340584058846,
                    1.7167628404926716,
                    1.1651923284062606,
                    0.8970715581779344,
                    1.0917358248626217,
                    1.3063975361162
                ],
                [
                    1.981575300979305,
                    2.045395545568675,
                    1.527871015729659,
                    1.0917358248626217,
                    0.8417842078017929,
                    0.9615713153333612
                ],
                [
                    1.9497273368177632,
                    2.0905812539204853,
                    1.6837109568771902,
                    1.3063975361162,
                    0.9615713153333612,
                    0.8559887893102057
                ]
            ],
            "std": [
                [
                    0.8427794977358416,
                    0.251745534778263,
                    0.19821815146494887,
                    0.2287097744876183,
                    0.1883159873826633,
                    0.13864860666236373
                ],
                [
                    0.9269731527266072,
                    0.6659709384858582,
                    0.18564351687909317,
                    0.19509475069007284,
                    0.14709726602167905,
                    0.12402327604981489
                ],
                [
                    1.3796866154001834,
                    1.2691087222105633,
                    0.9064042530782616,
                    0.1200799227343295,
                    0.10190394301309176,
                    0.07408130252693469
                ],
                [
                    1.675340584058846,
                    1.7167628404926716,
                    1.1651923284062606,
                    0.8970715581779344,
                    0.13480382984065423,
                    0.07498062515053192
                ],
                [
                    1.981575300979305,
                    2.045395545568675,
                    1.527871015729659,
                    1.0917358248626217,
                    0.8417842078017929,
                    0.11162358423037415
                ],
                [
                    1.9497273368177632,
                    2.0905812539204853,
                    1.6837109568771902,
                    1.3063975361162,
                    0.9615713153333612,
                    0.8559887893102057
                ]
            ]
        },
        "all": {
            "mean": [
                [
                    0.929825632772362,
                    1.0122345548299918,
                    1.3605583793866236,
                    1.6013550024756502,
                    1.8496688156432834,
                    1.9239213169270732
                ],
                [
                    1.0122345548299918,
                    0.7109909853676801,
                    1.2636107061528101,
                    1.6660063866608366,
                    1.9685967209052568,
                    2.049449023048205
                ],
                [
                    1.3605583793866236,
                    1.2636107061528101,
                    0.842093620544302,
                    1.142476611711319,
                    1.5228622831332381,
                    1.6712429034495357
                ],
                [
                    1.6013550024756502,
                    1.6660063866608366,
                    1.142476611711319,
                    0.88882166362775,
                    1.1051690949389048,
                    1.3155160675824837
                ],
                [
                    1.8496688156432834,
                    1.9685967209052568,
                    1.5228622831332381,
                    1.1051690949389048,
                    0.9002644586178923,
                    0.971060362093469
                ],
                [
                    1.9239213169270732,
                    2.049449023048205,
                    1.6712429034495357,
                    1.3155160675824837,
                    0.971060362093469,
                    0.8782547779226642
                ]
            ],
            "median": [
                [
                    0.8803632083632439,
                    0.9276462960043457,
                    1.3574202473131742,
                    1.6224770032858047,
                    1.8768011464207208,
                    1.9434911746257564
                ],
                [
                    0.9276462960043457,
                    0.7222253346138269,
                    1.247583484431884,
                    1.6648603545680145,
                    1.9829146290315225,
                    2.0606910232107767
                ],
                [
                    1.3574202473131742,
                    1.247583484431884,
                    0.8652688844048517,
                    1.1454674374218234,
                    1.5207029108396686,
                    1.6703802262409786
                ],
                [
                    1.6224770032858047,
                    1.6648603545680145,
                    1.1454674374218234,
                    0.885706230615304,
                    1.111192088850475,
                    1.309090107335678
                ],
                [
                    1.8768011464207208,
                    1.9829146290315225,
                    1.5207029108396686,
                    1.111192088850475,
                    0.8417842078017929,
                    0.9443003007441209
                ],
                [
                    1.9434911746257564,
                    2.0606910232107767,
                    1.6703802262409786,
                    1.309090107335678,
                    0.9443003007441209,
                    0.8885223170592451
                ]
            ],
            "std": [
                [
                    0.31520644476779786,
                    0.2544573703708673,
                    0.19221336772368633,
                    0.25120104182655745,
                    0.1922967841143814,
                    0.156314062330677
                ],
                [
                    0.2544573703708673,
                    0.12970038331272007,
                    0.17100788398377562,
                    0.2213487833649265,
                    0.15791077951660668,
                    0.13627951331348717
                ],
                [
                    0.19221336772368633,
                    0.17100788398377562,
                    0.12305251370670443,
                    0.14195882672503862,
                    0.10486633624294707,
                    0.09471244968969082
                ],
                [
                    0.25120104182655745,
                    0.2213487833649265,
                    0.14195882672503862,
                    0.1288394003925774,
                    0.1344384887162546,
                    0.10702112395474994
                ],
                [
                    0.1922967841143814,
                    0.15791077951660668,
                    0.10486633624294707,
                    0.1344384887162546,
                    0.16589215803412538,
                    0.12627800432188716
                ],
                [
                    0.156314062330677,
                    0.13627951331348717,
                    0.09471244968969082,
                    0.10702112395474994,
                    0.12627800432188716,
                    0.1154197799702103
                ]
            ]
        }
    },
    "2": {
        "0": {
            "p": 2,
            "set": 0,
            "mean": [
                [
                    2.5855548624897993,
                    2.62552129241001,
                    5.067017998856432,
                    7.349419049100739,
                    8.434326873647505,
                    8.60856360262162
                ],
                [
                    2.62552129241001,
                    1.759201181450497,
                    4.229920871556569,
                    6.95562348061472,
                    8.157612200146794,
                    8.320421100413352
                ],
                [
                    5.067017998856432,
                    4.229920871556569,
                    1.6960363877200646,
                    4.339333143530307,
                    6.562683898093817,
                    7.0381016433157
                ],
                [
                    7.349419049100739,
                    6.95562348061472,
                    4.339333143530307,
                    1.9147763986033794,
                    3.9319625333258497,
                    4.948755898253571
                ],
                [
                    8.434326873647505,
                    8.157612200146794,
                    6.562683898093817,
                    3.9319625333258497,
                    1.8199515768546455,
                    2.4290753252551283
                ],
                [
                    8.60856360262162,
                    8.320421100413352,
                    7.0381016433157,
                    4.948755898253571,
                    2.4290753252551283,
                    1.6471098946810123
                ]
            ],
            "median": [
                [
                    2.5110139183191156,
                    2.5104482492025912,
                    5.372313050708435,
                    7.426311278568454,
                    8.575716196696401,
                    8.71381583638837
                ],
                [
                    2.5104482492025912,
                    1.6984548157299735,
                    4.3072189471996225,
                    7.056630364220823,
                    8.222531959004218,
                    8.373926180038604
                ],
                [
                    5.372313050708435,
                    4.3072189471996225,
                    1.6476167674920756,
                    4.32364687171644,
                    6.645244503631591,
                    7.081728468106245
                ],
                [
                    7.426311278568454,
                    7.056630364220823,
                    4.32364687171644,
                    1.9736212994779925,
                    3.9533461851203366,
                    4.853616268199252
                ],
                [
                    8.575716196696401,
                    8.222531959004218,
                    6.645244503631591,
                    3.9533461851203366,
                    1.6703253556281261,
                    2.3841364748002096
                ],
                [
                    8.71381583638837,
                    8.373926180038604,
                    7.081728468106245,
                    4.853616268199252,
                    2.3841364748002096,
                    1.6177116918698093
                ]
            ],
            "std": [
                [
                    2.5110139183191156,
                    0.5043123125916648,
                    0.9410173252250373,
                    0.8284055046781915,
                    0.4382738523968689,
                    0.3587314611033727
                ],
                [
                    2.5104482492025912,
                    1.6984548157299735,
                    0.6496617883338767,
                    0.5683152093377051,
                    0.23110337448359952,
                    0.18917536141142322
                ],
                [
                    5.372313050708435,
                    4.3072189471996225,
                    1.6476167674920756,
                    0.5604324162165244,
                    0.2562080009355054,
                    0.17269994590142324
                ],
                [
                    7.426311278568454,
                    7.056630364220823,
                    4.32364687171644,
                    1.9736212994779925,
                    0.34247215792749675,
                    0.26007250820613464
                ],
                [
                    8.575716196696401,
                    8.222531959004218,
                    6.645244503631591,
                    3.9533461851203366,
                    1.6703253556281261,
                    0.27121614015091305
                ],
                [
                    8.71381583638837,
                    8.373926180038604,
                    7.081728468106245,
                    4.853616268199252,
                    2.3841364748002096,
                    1.6177116918698093
                ]
            ]
        },
        "1": {
            "p": 2,
            "set": 1,
            "mean": [
                [
                    2.531552607529071,
                    2.5446030445208714,
                    5.0571348502916,
                    7.341855143990234,
                    8.403794394877384,
                    8.602875490356109
                ],
                [
                    2.5446030445208714,
                    1.6745427402612303,
                    4.2837871624661465,
                    6.932483720693382,
                    8.1073831450471,
                    8.31018834464536
                ],
                [
                    5.0571348502916,
                    4.2837871624661465,
                    1.7638500699862327,
                    4.309542159854496,
                    6.497870578055696,
                    6.998864128526361
                ],
                [
                    7.341855143990234,
                    6.932483720693382,
                    4.309542159854496,
                    1.8209984563761161,
                    3.886274614188919,
                    4.944420972533118
                ],
                [
                    8.403794394877384,
                    8.1073831450471,
                    6.497870578055696,
                    3.886274614188919,
                    1.841563009021936,
                    2.4428868016987195
                ],
                [
                    8.602875490356109,
                    8.31018834464536,
                    6.998864128526361,
                    4.944420972533118,
                    2.4428868016987195,
                    1.7521047046968685
                ]
            ],
            "median": [
                [
                    2.4789825979384466,
                    2.426870208616201,
                    5.413965557494891,
                    7.403486653129236,
                    8.571180665173936,
                    8.697677000869763
                ],
                [
                    2.426870208616201,
                    1.691113216301177,
                    4.318495456926409,
                    7.128966400942184,
                    8.167877949864078,
                    8.375318083855735
                ],
                [
                    5.413965557494891,
                    4.318495456926409,
                    1.7343933272747627,
                    4.262807166059641,
                    6.504216834119441,
                    7.023817981772277
                ],
                [
                    7.403486653129236,
                    7.128966400942184,
                    4.262807166059641,
                    1.9087466528971868,
                    3.8228094671855066,
                    4.763080066044276
                ],
                [
                    8.571180665173936,
                    8.167877949864078,
                    6.504216834119441,
                    3.8228094671855066,
                    1.8330787434326004,
                    2.4880150338736566
                ],
                [
                    8.697677000869763,
                    8.375318083855735,
                    7.023817981772277,
                    4.763080066044276,
                    2.4880150338736566,
                    1.7350044570896095
                ]
            ],
            "std": [
                [
                    2.4789825979384466,
                    0.5209439589759609,
                    0.9838033900158514,
                    0.818445121275174,
                    0.4467975074606801,
                    0.37824373853806
                ],
                [
                    2.426870208616201,
                    1.691113216301177,
                    0.6485921937871928,
