{
    "info": "results are matrices of values, lines and columns correspond to # qubits, i.e. [3,6,9,12,15,18]. Distances between same qubit counts only take distances between different runs of same qubit count into account.",
    "metric": "bottleneck",
    "homology dimension": 1,
    "1": {
        "0": {
            "p": 1,
            "set": 0,
            "mean": [
                [
                    0.1144907355383566,
                    0.26501053712593603,
                    0.3406082099159448,
                    0.38481671198307593,
                    0.30300104610410017,
                    0.3758541528981732
                ],
                [
                    0.26501053712593603,
                    0.2222968206215114,
                    0.30263177653747336,
                    0.36189237122535817,
                    0.2870863646220096,
                    0.36299342035013976
                ],
                [
                    0.3406082099159448,
                    0.30263177653747336,
                    0.23580769779352978,
                    0.26306763836529173,
                    0.24960492600357612,
                    0.2677820009334846
                ],
                [
                    0.38481671198307593,
                    0.36189237122535817,
                    0.26306763836529173,
                    0.246921076362446,
                    0.25057794732005734,
                    0.24140361315360678
                ],
                [
                    0.30300104610410017,
                    0.2870863646220096,
                    0.24960492600357612,
                    0.25057794732005734,
                    0.2588584775920026,
                    0.25366063922289867
                ],
                [
                    0.3758541528981732,
                    0.36299342035013976,
                    0.2677820009334846,
                    0.24140361315360678,
                    0.25366063922289867,
                    0.2528929664562156
                ]
            ],
            "median": [
                [
                    0.09974777824709236,
                    0.2529865083806726,
                    0.35728472777555,
                    0.36933119726836594,
                    0.3153986804959459,
                    0.352937907926389
                ],
                [
                    0.2529865083806726,
                    0.21733904650682234,
                    0.3262888281415144,
                    0.3554205149544032,
                    0.28666543908366293,
                    0.33348821448907984
                ],
                [
                    0.35728472777555,
                    0.3262888281415144,
                    0.2223981977385847,
                    0.23417432986025233,
                    0.24191908491229697,
                    0.24521320515964362
                ],
                [
                    0.36933119726836594,
                    0.3554205149544032,
                    0.23417432986025233,
                    0.24214011259118706,
                    0.25931853221754864,
                    0.23972862363734748
                ],
                [
                    0.3153986804959459,
                    0.28666543908366293,
                    0.24191908491229697,
                    0.25931853221754864,
                    0.2696171770558067,
                    0.24043294368107127
                ],
                [
                    0.352937907926389,
                    0.33348821448907984,
                    0.24521320515964362,
                    0.23972862363734748,
                    0.24043294368107127,
                    0.24316546913996717
                ]
            ],
            "std": [
                [
                    0.09974777824709236,
                    0.059547179659478824,
                    0.03578943179172756,
                    0.04720080594839281,
                    0.023415130411935638,
                    0.07108410333448259
                ],
                [
                    0.2529865083806726,
                    0.21733904650682234,
                    0.05310589490239962,
                    0.06245748753239341,
                    0.03142132188643443,
                    0.08234878388691666
                ],
                [
                    0.35728472777555,
                    0.3262888281415144,
                    0.2223981977385847,
                    0.061669979319090004,
                    0.05031109010650483,
                    0.08179015508973328
                ],
                [
                    0.36933119726836594,
                    0.3554205149544032,
                    0.23417432986025233,
                    0.24214011259118706,
                    0.05305853898438756,
                    0.03333412572194758
                ],
                [
                    0.3153986804959459,
                    0.28666543908366293,
                    0.24191908491229697,
                    0.25931853221754864,
                    0.2696171770558067,
                    0.04358904910215733
                ],
                [
                    0.352937907926389,
                    0.33348821448907984,
                    0.24521320515964362,
                    0.23972862363734748,
                    0.24043294368107127,
                    0.24316546913996717
                ]
            ]
        },
        "1": {
            "p": 1,
            "set": 1,
            "mean": [
                [
                    0.10389269164121515,
                    0.23368346856003883,
                    0.33904143036720596,
                    0.3051931804665037,
                    0.39234662651583674,
                    0.3825673298222864
                ],
                [
                    0.23368346856003883,
                    0.19475555390067711,
                    0.29715224343722185,
                    0.28220304971523547,
                    0.3824158463160893,
                    0.37878043675604206
                ],
                [
                    0.33904143036720596,
                    0.29715224343722185,
                    0.27035692068272965,
                    0.24235933857011333,
                    0.35189569132935505,
                    0.35599291912581066
                ],
                [
                    0.3051931804665037,
                    0.28220304971523547,
                    0.24235933857011333,
                    0.20391476740489906,
                    0.2570564415029639,
                    0.265668985403513
                ],
                [
                    0.39234662651583674,
                    0.3824158463160893,
                    0.35189569132935505,
                    0.2570564415029639,
                    0.23628924358064296,
                    0.24819764962602675
                ],
                [
                    0.3825673298222864,
                    0.37878043675604206,
                    0.35599291912581066,
                    0.265668985403513,
                    0.24819764962602675,
                    0.26819177485238016
                ]
            ],
            "median": [
                [
                    0.10260039990862424,
                    0.2185521538631292,
                    0.3040392718176008,
                    0.3099320007768256,
                    0.39241780846850816,
                    0.40227370505817817
                ],
                [
                    0.2185521538631292,
                    0.15474658019184062,
                    0.2737083702504606,
                    0.3071759526274036,
                    0.39100281520177305,
                    0.4008550239259421
                ],
                [
                    0.3040392718176008,
                    0.2737083702504606,
                    0.27576791242336185,
                    0.24666928624537832,
                    0.3577417706246706,
                    0.36231996868173155
                ],
                [
                    0.3099320007768256,
                    0.3071759526274036,
                    0.24666928624537832,
                    0.20646631172780872,
                    0.2526015448001999,
                    0.2781014871078469
                ],
                [
                    0.39241780846850816,
                    0.39100281520177305,
                    0.3577417706246706,
                    0.2526015448001999,
                    0.23231781976710408,
                    0.24400385535443547
                ],
                [
                    0.40227370505817817,
                    0.4008550239259421,
                    0.36231996868173155,
                    0.2781014871078469,
                    0.24400385535443547,
                    0.25863441094020345
                ]
            ],
            "std": [
                [
                    0.10260039990862424,
                    0.044821107560573725,
                    0.07653276869469658,
                    0.03942737799767656,
                    0.03724801014225964,
                    0.08057170571028148
                ],
                [
                    0.2185521538631292,
                    0.15474658019184062,
                    0.094170777030939,
                    0.04678470453873714,
                    0.04203477182542863,
                    0.08185330107372804
                ],
                [
                    0.3040392718176008,
                    0.2737083702504606,
                    0.27576791242336185,
                    0.05077996912718154,
                    0.06828055713040533,
                    0.08126961058785209
                ],
                [
                    0.3099320007768256,
                    0.3071759526274036,
                    0.24666928624537832,
                    0.20646631172780872,
                    0.054751185783296706,
                    0.05485689822310494
                ],
                [
                    0.39241780846850816,
                    0.39100281520177305,
                    0.3577417706246706,
                    0.2526015448001999,
                    0.23231781976710408,
                    0.03899128290323449
                ],
                [
                    0.40227370505817817,
                    0.4008550239259421,
                    0.36231996868173155,
                    0.2781014871078469,
                    0.24400385535443547,
                    0.25863441094020345
                ]
            ]
        },
        "2": {
            "p": 1,
            "set": 2,
            "mean": [
                [
                    0.09947866891129706,
                    0.2473689974949775,
                    0.3453235707704516,
                    0.34304942579882663,
                    0.31571673201195155,
                    0.3665553776848901
                ],
                [
                    0.2473689974949775,
                    0.16992598690833347,
                    0.2925176921391903,
                    0.3347941199656907,
                    0.30862408285111087,
                    0.36110394104167426
                ],
                [
                    0.3453235707704516,
                    0.2925176921391903,
                    0.22664850763685535,
                    0.2757475839653853,
                    0.28369132294560584,
                    0.2926821722355726
                ],
                [
                    0.34304942579882663,
                    0.3347941199656907,
                    0.2757475839653853,
                    0.2583072356362436,
                    0.2751948655816159,
                    0.26334101503490276
                ],
                [
                    0.31571673201195155,
                    0.30862408285111087,
                    0.28369132294560584,
                    0.2751948655816159,
                    0.28451272686711493,
                    0.24010721311339694
                ],
                [
                    0.3665553776848901,
                    0.36110394104167426,
                    0.2926821722355726,
                    0.26334101503490276,
                    0.24010721311339694,
                    0.20849445394308078
                ]
            ],
            "median": [
                [
                    0.1065588747142101,
                    0.23761812796010418,
                    0.31753470580770227,
                    0.31196287209149887,
                    0.32317157802026486,
                    0.37305110744455305
                ],
                [
                    0.23761812796010418,
                    0.1289495935634477,
                    0.276717558148448,
                    0.3088927674889419,
                    0.3226269664337451,
                    0.3716004880534456
                ],
                [
                    0.31753470580770227,
                    0.276717558148448,
                    0.2266521236920198,
                    0.26631944830160137,
                    0.2772052390769204,
                    0.29394396879297346
                ],
                [
                    0.31196287209149887,
                    0.3088927674889419,
                    0.26631944830160137,
                    0.21747882073054825,
                    0.2606147445578699,
                    0.25968120479137724
                ],
                [
                    0.32317157802026486,
                    0.3226269664337451,
                    0.2772052390769204,
                    0.2606147445578699,
                    0.282250126809231,
                    0.23444138799732173
                ],
                [
                    0.37305110744455305,
                    0.3716004880534456,
                    0.29394396879297346,
                    0.25968120479137724,
                    0.23444138799732173,
                    0.20770480936562308
                ]
            ],
            "std": [
                [
                    0.1065588747142101,
                    0.0541479491213727,
                    0.0653139705025616,
                    0.04935000496029153,
                    0.04860452315936836,
                    0.023451073489795526
                ],
                [
                    0.23761812796010418,
                    0.1289495935634477,
                    0.07053076012281768,
                    0.056098765922329284,
                    0.05462197539945451,
                    0.02791000149915808
                ],
                [
                    0.31753470580770227,
                    0.276717558148448,
                    0.2266521236920198,
                    0.06376157115462099,
                    0.06045436506563962,
                    0.05376367400184595
                ],
                [
                    0.31196287209149887,
                    0.3088927674889419,
                    0.26631944830160137,
                    0.21747882073054825,
                    0.06477027100727878,
                    0.03143925271650612
                ],
                [
                    0.32317157802026486,
                    0.3226269664337451,
                    0.2772052390769204,
                    0.2606147445578699,
                    0.282250126809231,
                    0.04151384866363995
                ],
                [
                    0.37305110744455305,
                    0.3716004880534456,
                    0.29394396879297346,
                    0.25968120479137724,
                    0.23444138799732173,
                    0.20770480936562308
                ]
            ]
        },
        "3": {
            "p": 1,
            "set": 3,
            "mean": [
                [
                    0.1135045945524098,
                    0.24761456948363048,
                    0.3515379889084034,
                    0.3748884444118357,
                    0.39305839336893766,
                    0.31619539426841586
                ],
                [
                    0.24761456948363048,
                    0.18915900321999288,
                    0.303397517532203,
                    0.37168203348373935,
                    0.3836956991957868,
                    0.30989655488994233
                ],
                [
                    0.3515379889084034,
                    0.303397517532203,
                    0.23442376332218373,
                    0.326474313284325,
                    0.3327429610641775,
                    0.2752680158926751
                ],
                [
                    0.3748884444118357,
                    0.37168203348373935,
                    0.326474313284325,
                    0.3209133152787672,
                    0.2850500246344518,
                    0.2594925007240181
                ],
                [
                    0.39305839336893766,
                    0.3836956991957868,
                    0.3327429610641775,
                    0.2850500246344518,
                    0.2985609546997921,
                    0.25412127543267615
                ],
                [
                    0.31619539426841586,
                    0.30989655488994233,
                    0.2752680158926751,
                    0.2594925007240181,
                    0.25412127543267615,
                    0.22324105690773877
                ]
            ],
            "median": [
                [
                    0.11809686262859032,
                    0.22737819888061495,
                    0.34634607360294467,
                    0.38423162415620027,
                    0.4145091101536309,
                    0.33392657075182797
                ],
                [
                    0.22737819888061495,
                    0.19891745198492572,
                    0.3005936703448242,
                    0.3835704674547742,
                    0.4125678480008901,
                    0.3206842553380511
                ],
                [
                    0.34634607360294467,
                    0.3005936703448242,
                    0.24890722676173027,
                    0.34050290993945964,
                    0.3694531349283352,
                    0.28790887054833547
                ],
                [
                    0.38423162415620027,
                    0.3835704674547742,
                    0.34050290993945964,
                    0.3332841703422673,
                    0.2951500378263745,
                    0.2596636468251745
                ],
                [
                    0.4145091101536309,
                    0.4125678480008901,
                    0.3694531349283352,
                    0.2951500378263745,
                    0.30002001509092224,
                    0.25284921629759083
                ],
                [
                    0.33392657075182797,
                    0.3206842553380511,
                    0.28790887054833547,
                    0.2596636468251745,
                    0.25284921629759083,
                    0.23731531749604073
                ]
            ],
            "std": [
                [
                    0.11809686262859032,
                    0.03878216914816908,
                    0.04276376728584962,
                    0.04279286959189794,
                    0.05359564430378677,
                    0.060038832734733774
                ],
                [
                    0.22737819888061495,
                    0.19891745198492572,
                    0.04212465206391003,
                    0.04443792853496886,
                    0.05076142433586684,
                    0.0566220246221694
                ],
                [
                    0.34634607360294467,
                    0.3005936703448242,
                    0.24890722676173027,
                    0.08078819007339971,
                    0.07574217648777902,
                    0.039357947669839285
                ],
                [
                    0.38423162415620027,
                    0.3835704674547742,
                    0.34050290993945964,
                    0.3332841703422673,
                    0.07550132668048552,
                    0.044087484785027636
                ],
                [
                    0.4145091101536309,
                    0.4125678480008901,
                    0.3694531349283352,
                    0.2951500378263745,
                    0.30002001509092224,
                    0.05260948303173659
                ],
                [
                    0.33392657075182797,
                    0.3206842553380511,
                    0.28790887054833547,
                    0.2596636468251745,
                    0.25284921629759083,
                    0.23731531749604073
                ]
            ]
        },
        "4": {
            "p": 1,
            "set": 4,
            "mean": [
                [
                    0.09084983595903395,
                    0.24382166976788539,
                    0.32255725751820136,
                    0.39832388296352295,
                    0.379168118220623,
                    0.32104459374534144
                ],
                [
                    0.24382166976788539,
                    0.17120998012064775,
                    0.2813216562448542,
                    0.38619823626640937,
                    0.3696042493635923,
                    0.32110616253582064
                ],
                [
                    0.32255725751820136,
                    0.2813216562448542,
                    0.26122083028635645,
                    0.3023981244329025,
                    0.29733331707781874,
                    0.28665148525864426
                ],
                [
                    0.39832388296352295,
                    0.38619823626640937,
                    0.3023981244329025,
                    0.26932886817992313,
                    0.2560123225973894,
                    0.2503973849640988
                ],
                [
                    0.379168118220623,
                    0.3696042493635923,
                    0.29733331707781874,
                    0.2560123225973894,
                    0.2710622950478864,
                    0.26347576046225185
                ],
                [
                    0.32104459374534144,
                    0.32110616253582064,
                    0.28665148525864426,
                    0.2503973849640988,
                    0.26347576046225185,
                    0.24587728414457502
                ]
            ],
            "median": [
                [
                    0.09642388274232871,
                    0.2410117310928399,
                    0.33292963774874806,
                    0.40471520162373054,
                    0.37431930872116936,
                    0.32875443977536634
                ],
                [
                    0.2410117310928399,
                    0.17135192761270446,
                    0.2805725397865899,
                    0.4044749115673767,
                    0.3648178113517133,
                    0.3288160526426509
                ],
                [
                    0.33292963774874806,
                    0.2805725397865899,
                    0.2455713868039311,
                    0.2799155448337842,
                    0.29923300811788067,
                    0.30764617015370277
                ],
                [
                    0.40471520162373054,
                    0.4044749115673767,
                    0.2799155448337842,
                    0.255759244359524,
                    0.27201486976355227,
                    0.2499782803757853
                ],
                [
                    0.37431930872116936,
                    0.3648178113517133,
                    0.29923300811788067,
                    0.27201486976355227,
                    0.28848749517919714,
                    0.2790296417758782
                ],
                [
                    0.32875443977536634,
                    0.3288160526426509,
                    0.30764617015370277,
                    0.2499782803757853,
                    0.2790296417758782,
                    0.25945093779535
                ]
            ],
            "std": [
                [
                    0.09642388274232871,
                    0.03257033658571712,
                    0.0350466209441886,
                    0.062429405760141214,
                    0.037119822349166776,
                    0.046010650128654046
                ],
                [
                    0.2410117310928399,
                    0.17135192761270446,
                    0.06591412377717897,
                    0.06332561426266205,
                    0.03317578897077187,
                    0.045927365531576066
                ],
                [
                    0.33292963774874806,
                    0.2805725397865899,
                    0.2455713868039311,
                    0.06846523555633785,
                    0.04705871327065888,
                    0.04184026185388393
                ],
                [
                    0.40471520162373054,
                    0.4044749115673767,
                    0.2799155448337842,
                    0.255759244359524,
                    0.05051301107185415,
                    0.040401057740374995
                ],
                [
                    0.37431930872116936,
                    0.3648178113517133,
                    0.29923300811788067,
                    0.27201486976355227,
                    0.28848749517919714,
                    0.045357888403311744
                ],
                [
                    0.32875443977536634,
                    0.3288160526426509,
                    0.30764617015370277,
                    0.2499782803757853,
                    0.2790296417758782,
                    0.25945093779535
                ]
            ]
        },
        "all": {
            "mean": [
                [
                    0.10444330532046252,
                    0.24749984848649365,
                    0.3398136914960414,
                    0.36125432912475297,
                    0.35665818324428983,
                    0.3524433696838214
                ],
                [
                    0.24749984848649365,
                    0.18946946895423253,
                    0.29540417717818857,
                    0.3473539621312866,
                    0.34628524846971775,
                    0.3467761031147238
                ],
                [
                    0.3398136914960414,
                    0.29540417717818857,
                    0.245691543944331,
                    0.28200939972360356,
                    0.30305364368410664,
                    0.2956753186892374
                ],
                [
                    0.36125432912475297,
                    0.3473539621312866,
                    0.28200939972360356,
                    0.2598770525724558,
                    0.26477832032729565,
                    0.2560606998560279
                ],
                [
                    0.35665818324428983,
                    0.34628524846971775,
                    0.30305364368410664,
                    0.26477832032729565,
                    0.2698567395574878,
                    0.25191250757145006
                ],
                [
                    0.3524433696838214,
                    0.3467761031147238,
                    0.2956753186892374,
                    0.2560606998560279,
                    0.25191250757145006,
                    0.23973950726079807
                ]
            ],
            "median": [
                [
                    0.09952721242552798,
                    0.23857454504468478,
                    0.34215101849440543,
                    0.3645888918608762,
                    0.36441092912809836,
                    0.35323353209605557
                ],
                [
                    0.23857454504468478,
                    0.18624908303991106,
                    0.2897577166818337,
                    0.34116087262373185,
                    0.33677468953464995,
                    0.3511952437402215
                ],
                [
                    0.34215101849440543,
                    0.2897577166818337,
                    0.24214505721829482,
                    0.26786506515009023,
                    0.29950952497347316,
                    0.29078996419457326
                ],
                [
                    0.3645888918608762,
                    0.34116087262373185,
                    0.26786506515009023,
                    0.23431620835117428,
                    0.2606147445578699,
                    0.2532176790898575
                ],
                [
                    0.36441092912809836,
                    0.33677468953464995,
                    0.29950952497347316,
                    0.2606147445578699,
                    0.2780399663137132,
                    0.2481481685676954
                ],
                [
                    0.35323353209605557,
                    0.3511952437402215,
                    0.29078996419457326,
                    0.2532176790898575,
                    0.2481481685676954,
                    0.23966599209870765
                ]
            ],
            "std": [
                [
                    0.02714377405190419,
                    0.04808899667080705,
                    0.054640458209605815,
                    0.059221643510496406,
                    0.05693695603188123,
                    0.06598607290068458
                ],
                [
                    0.04808899667080705,
                    0.06673216195314031,
                    0.06798228310110557,
                    0.06623619830808015,
                    0.059307243830755585,
                    0.06795181010300805
                ],
                [
                    0.054640458209605815,
                    0.06798228310110557,
                    0.0598632155014051,
                    0.07214500169471966,
                    0.07117718528610205,
                    0.0698679667292818
                ],
                [
                    0.059221643510496406,
                    0.06623619830808015,
                    0.07214500169471966,
                    0.07064353286586404,
                    0.06183473241007032,
                    0.04263525380837069
                ],
                [
                    0.05693695603188123,
                    0.059307243830755585,
                    0.07117718528610205,
                    0.06183473241007032,
                    0.05424710039941169,
                    0.0453070177878881
                ],
                [
                    0.06598607290068458,
                    0.06795181010300805,
                    0.0698679667292818,
                    0.04263525380837069,
                    0.0453070177878881,
                    0.04655018832604234
                ]
            ]
        }
    },
    "2": {
        "0": {
            "p": 2,
            "set": 0,
            "mean": [
                [
                    0.21761061272882215,
                    0.43187310408771734,
                    0.49569185285523415,
                    0.5004246233805315,
                    0.5638822684870683,
                    0.576485332069933
                ],
                [
                    0.43187310408771734,
                    0.3090126332295767,
                    0.3807783492136514,
                    0.4582761539936473,
                    0.509876948580495,
                    0.499429497397432
                ],
                [
                    0.49569185285523415,
                    0.3807783492136514,
                    0.38689206775015916,
                    0.4163876025499485,
                    0.46289811649068724,
                    0.44067378629486487
                ],
                [
                    0.5004246233805315,
                    0.4582761539936473,
                    0.4163876025499485,
                    0.4301910803300416,
                    0.40845706581210833,
                    0.425612135722622
                ],
                [
                    0.5638822684870683,
                    0.509876948580495,
                    0.46289811649068724,
                    0.40845706581210833,
                    0.410349438088997,
                    0.42051496953732564
                ],
                [
                    0.576485332069933,
                    0.499429497397432,
                    0.44067378629486487,
                    0.425612135722622,
                    0.42051496953732564,
                    0.4631221919282325
                ]
            ],
            "median": [
                [
                    0.22205667886009905,
                    0.4401981521368725,
                    0.49043312011417584,
                    0.4782406747326604,
                    0.5730298391426913,
                    0.5776775397480378
                ],
                [
                    0.4401981521368725,
                    0.29958876980890636,
                    0.35464730811145273,
                    0.46482770472357515,
                    0.5186744019010803,
                    0.48273879034240963
                ],
                [
                    0.49043312011417584,
                    0.35464730811145273,
                    0.41440611924917903,
                    0.41283672291683615,
                    0.44953799289942253,
                    0.4624517857446335
                ],
                [
                    0.4782406747326604,
                    0.46482770472357515,
                    0.41283672291683615,
                    0.4410413481746218,
                    0.40474435441865353,
                    0.4193443820295215
                ],
                [
                    0.5730298391426913,
                    0.5186744019010803,
                    0.44953799289942253,
                    0.40474435441865353,
                    0.3920407423211145,
                    0.42690816744470794
                ],
                [
                    0.5776775397480378,
                    0.48273879034240963,
                    0.4624517857446335,
                    0.4193443820295215,
                    0.42690816744470794,
                    0.46331072080647573
                ]
            ],
            "std": [
                [
                    0.22205667886009905,
                    0.037525298879067685,
                    0.04077836716380689,
                    0.05072630002857181,
                    0.05030967019901019,
                    0.03729094322272051
                ],
                [
                    0.4401981521368725,
                    0.29958876980890636,
                    0.07164928908595816,
                    0.05621061936234347,
                    0.06550206499881972,
                    0.057700682142405736
                ],
                [
                    0.49043312011417584,
                    0.35464730811145273,
                    0.41440611924917903,
                    0.07479102239221536,
                    0.05638128166268589,
                    0.10006215152141697
                ],
                [
                    0.4782406747326604,
                    0.46482770472357515,
                    0.41283672291683615,
                    0.4410413481746218,
                    0.07392558805507413,
                    0.08421666041951927
                ],
                [
                    0.5730298391426913,
                    0.5186744019010803,
                    0.44953799289942253,
                    0.40474435441865353,
                    0.3920407423211145,
                    0.08030892020103804
                ],
                [
                    0.5776775397480378,
                    0.48273879034240963,
                    0.4624517857446335,
                    0.4193443820295215,
                    0.42690816744470794,
                    0.46331072080647573
                ]
            ]
        },
        "1": {
            "p": 2,
            "set": 1,
            "mean": [
                [
                    0.1930383127171808,
                    0.4064570857616491,
                    0.5616637459013145,
                    0.5176060689914448,
                    0.6602402413453092,
                    0.6515381549361337
                ],
                [
                    0.4064570857616491,
                    0.28614719223005525,
                    0.4668666873383336,
                    0.49677912398605256,
                    0.6571677677227126,
                    0.5941330606186238
                ],
                [
                    0.5616637459013145,
                    0.4668666873383336,
                    0.4681666143431357,
                    0.4747530657990865,
                    0.6138687552798365,
                    0.5458922142675874
                ],
                [
                    0.5176060689914448,
                    0.49677912398605256,
                    0.4747530657990865,
                    0.4499706826634792,
                    0.5936352830189571,
                    0.5105680830503843
                ],
                [
                    0.6602402413453092,
                    0.6571677677227126,
                    0.6138687552798365,
                    0.5936352830189571,
                    0.6306164694156905,
                    0.5812758772727102
                ],
                [
                    0.6515381549361337,
                    0.5941330606186238,
                    0.5458922142675874,
                    0.5105680830503843,
                    0.5812758772727102,
                    0.5442029354751867
                ]
            ],
            "median": [
                [
                    0.1879131661989959,
                    0.41514597316563595,
                    0.5241430568275973,
                    0.5560757447019569,
                    0.5918623967227177,
                    0.6698832754227624
                ],
                [
                    0.41514597316563595,
                    0.282941401739663,
                    0.44782503374881344,
                    0.5560757447019569,
                    0.5918623967227177,
                    0.5377931402435934
                ],
                [
                    0.5241430568275973,
                    0.44782503374881344,
                    0.4944662033813074,
                    0.5551245318856672,
                    0.5802289876155555,
                    0.49408516933908686
                ],
                [
                    0.5560757447019569,
                    0.5560757447019569,
                    0.5551245318856672,
                    0.5000514893581567,
                    0.5770986856441596,
                    0.49205054818230565
                ],
                [
                    0.5918623967227177,
                    0.5918623967227177,
                    0.5802289876155555,
                    0.5770986856441596,
                    0.5790743817015027,
                    0.5643868107435992
                ],
                [
                    0.6698832754227624,
                    0.5377931402435934,
